;LAP Aft Skirt Orifice Flow Velocities (ft/s)
#I=0,692,1; vent_c1d2_lin.vsm  @ Fri Jan 16 15:52:17 1998
0	0	0	0	0	0	0	0	0	0	0	0
1	-18.183	-18.183	-16.871	-16.871	-16.035	-18.183	-18.183	-18.183	-18.183	-18.183	-18.183
2	-19.209	-19.209	-16.629	-16.629	-14.874	-19.209	-19.209	-19.209	-19.209	-19.209	-19.209
3	-20.228	-20.228	-16.426	-16.426	-13.656	-20.228	-20.228	-20.228	-20.228	-20.228	-20.228
4	-21.243	-21.243	-16.264	-16.264	-12.364	-21.243	-21.243	-21.243	-21.243	-21.243	-21.243
5	-22.258	-22.258	-16.15	-16.15	-10.98	-22.258	-22.258	-22.258	-22.258	-22.258	-22.258
6	-23.278	-23.278	-16.092	-16.092	-9.476	-23.278	-23.278	-23.278	-23.278	-23.278	-23.278
7	-24.311	-24.311	-16.103	-16.103	-7.8076	-24.311	-24.311	-24.311	-24.311	-24.311	-24.311
8	-25.37	-25.37	-16.205	-16.205	-5.8984	-25.37	-25.37	-25.37	-25.37	-25.37	-25.37
9	-26.482	-26.482	-16.446	-16.446	-3.5877	-26.482	-26.482	-26.482	-26.482	-26.482	-26.482
10	-27.73	-27.73	-16.965	-16.965	-0.35411	-27.73	-27.73	-27.73	-27.73	-27.73	-27.73
11	-29.069	-29.069	-17.692	-17.692	2.3208	-29.069	-29.069	-29.069	-29.069	-29.069	-29.069
12	-30.24	-30.24	-18.194	-18.194	4.3396	-30.24	-30.24	-30.24	-30.24	-30.24	-30.24
13	-31.314	-31.314	-18.577	-18.577	6.0613	-31.314	-31.314	-31.314	-31.314	-31.314	-31.314
14	-32.322	-32.322	-18.887	-18.887	7.5884	-32.322	-32.322	-32.322	-32.322	-32.322	-32.322
15	-33.283	-33.283	-19.147	-19.147	8.9758	-33.283	-33.283	-33.283	-33.283	-33.283	-33.283
16	-34.207	-34.207	-19.37	-19.37	10.257	-34.207	-34.207	-34.207	-34.207	-34.207	-34.207
17	-35.102	-35.102	-19.564	-19.564	11.454	-35.102	-35.102	-35.102	-35.102	-35.102	-35.102
18	-35.972	-35.972	-19.737	-19.737	12.582	-35.972	-35.972	-35.972	-35.972	-35.972	-35.972
19	-36.821	-36.821	-19.892	-19.892	13.652	-36.821	-36.821	-36.821	-36.821	-36.821	-36.821
20	-37.653	-37.653	-20.033	-20.033	14.674	-37.653	-37.653	-37.653	-37.653	-37.653	-37.653
21	-65.17	-65.17	-47.859	-47.859	-34.97	-65.17	-65.17	-65.17	-65.17	-65.17	-65.17
22	-71.875	-71.875	-47.334	-47.334	-26.447	-71.875	-71.875	-71.875	-71.875	-71.875	-71.875
23	-78.67	-78.67	-47.587	-47.587	-15.356	-78.67	-78.67	-78.67	-78.67	-78.67	-78.67
24	-86.466	-86.466	-50.211	-50.211	3.2618	-86.466	-86.466	-86.466	-86.466	-86.466	-86.466
25	-94.183	-94.183	-53.385	-53.385	14.415	-94.183	-94.183	-94.183	-94.183	-94.183	-94.183
26	-100.95	-100.95	-55.394	-55.394	23.158	-100.95	-100.95	-100.95	-100.95	-100.95	-100.95
27	-107.24	-107.24	-56.879	-56.879	30.593	-107.24	-107.24	-107.24	-107.24	-107.24	-107.24
28	-113.23	-113.23	-58.079	-58.079	37.197	-113.23	-113.23	-113.23	-113.23	-113.23	-113.23
29	-119.03	-119.03	-59.106	-59.106	43.222	-119.03	-119.03	-119.03	-119.03	-119.03	-119.03
30	-124.7	-124.7	-60.026	-60.026	48.823	-124.7	-124.7	-124.7	-124.7	-124.7	-124.7
31	-130.29	-130.29	-60.88	-60.88	54.099	-130.29	-130.29	-130.29	-130.29	-130.29	-130.29
32	-135.83	-135.83	-61.693	-61.693	59.12	-135.83	-135.83	-135.83	-135.83	-135.83	-135.83
33	-141.35	-141.35	-62.485	-62.485	63.937	-141.35	-141.35	-141.35	-141.35	-141.35	-141.35
34	-146.86	-146.86	-63.27	-63.27	68.588	-146.86	-146.86	-146.86	-146.86	-146.86	-146.86
35	-152.38	-152.38	-64.062	-64.062	73.104	-152.38	-152.38	-152.38	-152.38	-152.38	-152.38
36	-157.93	-157.93	-64.869	-64.869	77.511	-157.93	-157.93	-157.93	-157.93	-157.93	-157.93
37	-163.52	-163.52	-65.699	-65.699	81.827	-163.52	-163.52	-163.52	-163.52	-163.52	-163.52
38	-169.17	-169.17	-66.561	-66.561	86.07	-169.17	-169.17	-169.17	-169.17	-169.17	-169.17
39	-174.88	-174.88	-67.461	-67.461	90.253	-174.88	-174.88	-174.88	-174.88	-174.88	-174.88
40	-180.67	-180.67	-68.406	-68.406	94.388	-180.67	-180.67	-180.67	-180.67	-180.67	-180.67
41	-186.55	-186.55	-69.403	-69.403	98.494	-186.55	-186.55	-186.55	-186.55	-186.55	-186.55
42	-192.53	-192.53	-70.459	-70.459	102.57	-192.53	-192.53	-192.53	-192.53	-192.53	-192.53
43	-198.62	-198.62	-71.58	-71.58	106.63	-198.62	-198.62	-198.62	-198.62	-198.62	-198.62
44	-204.84	-204.84	-72.772	-72.772	110.68	-204.84	-204.84	-204.84	-204.84	-204.84	-204.84
45	-211.19	-211.19	-74.042	-74.042	114.73	-211.19	-211.19	-211.19	-211.19	-211.19	-211.19
46	-217.7	-217.7	-75.402	-75.402	118.8	-217.7	-217.7	-217.7	-217.7	-217.7	-217.7
47	-224.36	-224.36	-76.858	-76.858	122.87	-224.36	-224.36	-224.36	-224.36	-224.36	-224.36
48	-231.21	-231.21	-78.418	-78.418	126.97	-231.21	-231.21	-231.21	-231.21	-231.21	-231.21
49	-238.24	-238.24	-80.09	-80.09	131.08	-238.24	-238.24	-238.24	-238.24	-238.24	-238.24
50	-245.49	-245.49	-81.886	-81.886	135.23	-245.49	-245.49	-245.49	-245.49	-245.49	-245.49
51	-252.96	-252.96	-83.822	-83.822	139.43	-252.96	-252.96	-252.96	-252.96	-252.96	-252.96
52	-260.68	-260.68	-85.908	-85.908	143.67	-260.68	-260.68	-260.68	-260.68	-260.68	-260.68
53	-268.67	-268.67	-88.156	-88.156	147.96	-268.67	-268.67	-268.67	-268.67	-268.67	-268.67
54	-284.78	-284.78	-104.33	-104.33	169.38	-284.78	-284.78	-284.78	-284.78	-284.78	-284.78
55	-299.76	-299.76	-115.76	-115.76	191.42	-299.76	-299.76	-299.76	-299.76	-299.76	-299.76
56	-314.85	-314.85	-126.25	-126.25	212.67	-314.85	-314.85	-314.85	-314.85	-314.85	-314.85
57	-313.75	-313.75	-126.38	-126.38	215.72	-313.75	-313.75	-313.75	-313.75	-313.75	-313.75
58	-314.72	-314.72	-131.79	-131.79	215.97	-314.72	-314.72	-314.72	-314.72	-314.72	-314.72
59	-316.27	-316.27	-138.61	-138.61	215.48	-316.27	-316.27	-316.27	-316.27	-316.27	-316.27
60	-318.08	-318.08	-146.02	-146.02	214.68	-318.08	-318.08	-318.08	-318.08	-318.08	-318.08
61	-320.09	-320.09	-153.88	-153.88	213.69	-320.09	-320.09	-320.09	-320.09	-320.09	-320.09
62	-322.33	-322.33	-162.17	-162.17	212.46	-322.33	-322.33	-322.33	-322.33	-322.33	-322.33
63	-324.8	-324.8	-170.91	-170.91	210.94	-324.8	-324.8	-324.8	-324.8	-324.8	-324.8
64	-327.53	-327.53	-180.14	-180.14	209.1	-327.53	-327.53	-327.53	-327.53	-327.53	-327.53
65	-330.56	-330.56	-189.91	-189.91	206.9	-330.56	-330.56	-330.56	-330.56	-330.56	-330.56
66	-333.94	-333.94	-200.27	-200.27	204.3	-333.94	-333.94	-333.94	-333.94	-333.94	-333.94
67	-337.7	-337.7	-211.3	-211.3	201.17	-337.7	-337.7	-337.7	-337.7	-337.7	-337.7
68	-341.91	-341.91	-223.06	-223.06	197.41	-341.91	-341.91	-341.91	-341.91	-341.91	-341.91
69	-346.61	-346.61	-235.61	-235.61	192.88	-346.61	-346.61	-346.61	-346.61	-346.61	-346.61
70	-351.88	-351.88	-249.07	-249.07	187.4	-351.88	-351.88	-351.88	-351.88	-351.88	-351.88
71	-357.81	-357.81	-263.54	-263.54	180.8	-357.81	-357.81	-357.81	-357.81	-357.81	-357.81
72	-364.5	-364.5	-279.14	-279.14	172.68	-364.5	-364.5	-364.5	-364.5	-364.5	-364.5
73	-372.03	-372.03	-296.02	-296.02	162.6	-372.03	-372.03	-372.03	-372.03	-372.03	-372.03
74	-380.52	-380.52	-314.32	-314.32	149.88	-380.52	-380.52	-380.52	-380.52	-380.52	-380.52
75	-390.08	-390.08	-334.22	-334.22	133.45	-390.08	-390.08	-390.08	-390.08	-390.08	-390.08
76	-345.52	-345.52	-280.7	-280.7	224.85	-345.52	-345.52	-345.52	-345.52	-345.52	-345.52
77	-332.33	-332.33	-263.71	-263.71	250.3	-332.33	-332.33	-332.33	-332.33	-332.33	-332.33
78	-332.57	-332.57	-263.26	-263.26	258.87	-332.57	-332.57	-332.57	-332.57	-332.57	-332.57
79	-338.33	-338.33	-269.69	-269.69	261.7	-338.33	-338.33	-338.33	-338.33	-338.33	-338.33
80	-346.61	-346.61	-279.15	-279.15	262.33	-346.61	-346.61	-346.61	-346.61	-346.61	-346.61
81	-356.42	-356.42	-290.35	-290.35	262.04	-356.42	-356.42	-356.42	-356.42	-356.42	-356.42
82	-367.5	-367.5	-302.91	-302.91	261.04	-367.5	-367.5	-367.5	-367.5	-367.5	-367.5
83	-379.83	-379.83	-316.8	-316.8	259.4	-379.83	-379.83	-379.83	-379.83	-379.83	-379.83
84	-393.58	-393.58	-332.13	-332.13	257.01	-393.58	-393.58	-393.58	-393.58	-393.58	-393.58
85	-408.93	-408.93	-349.12	-349.12	253.7	-408.93	-408.93	-408.93	-408.93	-408.93	-408.93
86	-426.19	-426.19	-368.04	-368.04	249.3	-426.19	-426.19	-426.19	-426.19	-426.19	-426.19
87	-445.71	-445.71	-389.26	-389.26	243.24	-445.71	-445.71	-445.71	-445.71	-445.71	-445.71
88	-395	-395	-338.43	-338.43	302.24	-395	-395	-395	-395	-395	-395
89	-370.57	-370.57	-319.1	-319.1	319.51	-370.57	-370.57	-370.57	-370.57	-370.57	-370.57
90	-359.85	-359.85	-317.11	-317.11	320.17	-359.85	-359.85	-359.85	-359.85	-359.85	-359.85
91	-355.5	-355.5	-323.59	-323.59	313.09	-355.5	-355.5	-355.5	-355.5	-355.5	-355.5
92	-353.91	-353.91	-334.18	-334.18	301.38	-353.91	-353.91	-353.91	-353.91	-353.91	-353.91
93	-353.42	-353.42	-347.01	-347.01	286.02	-353.42	-353.42	-353.42	-353.42	-353.42	-353.42
94	-353.29	-353.29	-361.34	-361.34	266.91	-353.29	-353.29	-353.29	-353.29	-353.29	-353.29
95	-353.09	-353.09	-376.88	-376.88	243.19	-353.09	-353.09	-353.09	-353.09	-353.09	-353.09
96	-352.46	-352.46	-393.49	-393.49	213.19	-352.46	-352.46	-352.46	-352.46	-352.46	-352.46
97	-350.84	-350.84	-410.96	-410.96	173.42	-350.84	-350.84	-350.84	-350.84	-350.84	-350.84
98	-346.92	-346.92	-428.61	-428.61	115.22	-346.92	-346.92	-346.92	-346.92	-346.92	-346.92
99	-333.82	-333.82	-441.77	-441.77	-42.165	-333.82	-333.82	-333.82	-333.82	-333.82	-333.82
100	-311.16	-311.16	-452.15	-452.15	-132.13	-311.16	-311.16	-311.16	-311.16	-311.16	-311.16
101	-238.69	-238.69	-420.85	-420.85	104.48	-238.69	-238.69	-238.69	-238.69	-238.69	-238.69
102	-211.66	-211.66	-412.18	-412.18	163.91	-211.66	-211.66	-211.66	-211.66	-211.66	-211.66
103	-214.27	-214.27	-420.49	-420.49	176.88	-214.27	-214.27	-214.27	-214.27	-214.27	-214.27
104	-225.99	-225.99	-434.26	-434.26	180.57	-225.99	-225.99	-225.99	-225.99	-225.99	-225.99
105	-241.16	-241.16	-450.76	-450.76	181.32	-241.16	-241.16	-241.16	-241.16	-241.16	-241.16
106	-258.51	-258.51	-469.5	-469.5	180.51	-258.51	-258.51	-258.51	-258.51	-258.51	-258.51
107	-277.94	-277.94	-490.66	-490.66	178.11	-277.94	-277.94	-277.94	-277.94	-277.94	-277.94
108	-299.67	-299.67	-514.6	-514.6	173.7	-299.67	-299.67	-299.67	-299.67	-299.67	-299.67
109	-271.03	-271.03	-502.14	-502.14	223.81	-271.03	-271.03	-271.03	-271.03	-271.03	-271.03
110	-247.73	-247.73	-488.46	-488.46	247.9	-247.73	-247.73	-247.73	-247.73	-247.73	-247.73
111	-248.49	-248.49	-487.39	-487.39	245.99	-248.49	-248.49	-248.49	-248.49	-248.49	-248.49
112	-259.04	-259.04	-491.19	-491.19	233.35	-259.04	-259.04	-259.04	-259.04	-259.04	-259.04
113	-273.65	-273.65	-497.02	-497.02	213.77	-273.65	-273.65	-273.65	-273.65	-273.65	-273.65
114	-290.26	-290.26	-503.85	-503.85	187.05	-290.26	-290.26	-290.26	-290.26	-290.26	-290.26
115	-307.98	-307.98	-511.16	-511.16	150.18	-307.98	-307.98	-307.98	-307.98	-307.98	-307.98
116	-325.66	-325.66	-518.12	-518.12	94.114	-325.66	-325.66	-325.66	-325.66	-325.66	-325.66
117	-336.67	-336.67	-520.02	-520.02	-42.818	-336.67	-336.67	-336.67	-336.67	-336.67	-336.67
118	-294.15	-294.15	-488.51	-488.51	148.84	-294.15	-294.15	-294.15	-294.15	-294.15	-294.15
119	-272.84	-272.84	-472.12	-472.12	179.46	-272.84	-272.84	-272.84	-272.84	-272.84	-272.84
120	-276.18	-276.18	-469.88	-469.88	166.73	-276.18	-276.18	-276.18	-276.18	-276.18	-276.18
121	-287.73	-287.73	-471.86	-471.86	134.36	-287.73	-287.73	-287.73	-287.73	-287.73	-287.73
122	-300.84	-300.84	-474.08	-474.08	79.774	-300.84	-300.84	-300.84	-300.84	-300.84	-300.84
123	-306.7	-306.7	-470.45	-470.45	-44.797	-306.7	-306.7	-306.7	-306.7	-306.7	-306.7
124	-315.94	-315.94	-467.65	-467.65	-115.57	-315.94	-315.94	-315.94	-315.94	-315.94	-315.94
125	-337.31	-337.31	-471.87	-471.87	-184.52	-337.31	-337.31	-337.31	-337.31	-337.31	-337.31
126	-597.36	-597.36	-758.12	-758.12	-454.75	-597.36	-597.36	-597.36	-597.36	-597.36	-597.36
127	-466.73	-466.73	-633.25	-633.25	-300.07	-466.73	-466.73	-466.73	-466.73	-466.73	-466.73
128	-392.35	-392.35	-547.16	-547.16	-225.47	-392.35	-392.35	-392.35	-392.35	-392.35	-392.35
129	-373.17	-373.17	-491.29	-491.29	-255.9	-373.17	-373.17	-373.17	-373.17	-373.17	-373.17
130	-392	-392	-451.49	-451.49	-341.39	-392	-392	-392	-392	-392	-392
131	-392.61	-392.61	-413.99	-413.99	271.17	-392.61	-392.61	-392.61	-392.61	-392.61	-392.61
132	-410.77	-410.77	-529.9	-529.9	1041.2	-410.77	-410.77	-410.77	-410.77	-410.77	-410.77
133	-477.13	-477.13	-672.7	-672.7	1325.4	-477.13	-477.13	-477.13	-477.13	-477.13	-477.13
134	-556.31	-556.31	-818.71	-818.71	1324.6	-556.31	-556.31	-556.31	-556.31	-556.31	-556.31
135	-649.89	-649.89	-974.8	-974.8	1323.8	-649.89	-649.89	-649.89	-649.89	-649.89	-649.89
136	-755.8	-755.8	-1143.5	-1143.5	1325.2	-755.8	-755.8	-755.8	-755.8	-755.8	-755.8
137	-874.97	-874.97	-1330	-1330	1335.8	-874.97	-874.97	-874.97	-874.97	-874.97	-874.97
138	-1007	-1007	-1375.2	-1375.2	1346.3	-1007	-1007	-1007	-1007	-1007	-1007
139	-1148.7	-1148.7	-1390.3	-1390.3	1356.7	-1148.7	-1148.7	-1148.7	-1148.7	-1148.7	-1148.7
140	-1297.5	-1297.5	-1405.6	-1405.6	1367	-1297.5	-1297.5	-1297.5	-1297.5	-1297.5	-1297.5
141	-1420.6	-1420.6	-1420.6	-1420.6	1377.6	-1420.6	-1420.6	-1420.6	-1420.6	-1420.6	-1420.6
142	-1432.4	-1432.4	-1432.4	-1432.4	1389.6	-1432.4	-1432.4	-1432.4	-1432.4	-1432.4	-1432.4
143	-1441	-1441	-1441	-1441	1401.5	-1441	-1441	-1441	-1441	-1441	-1441
144	-1449.8	-1449.8	-1449.8	-1449.8	1413.3	-1449.8	-1449.8	-1449.8	-1449.8	-1449.8	-1449.8
145	-1459	-1459	-1459	-1459	1425	-1459	-1459	-1459	-1459	-1459	-1459
146	-1468.6	-1468.6	-1468.6	-1468.6	1435.5	-1468.6	-1468.6	-1468.6	-1468.6	-1468.6	-1468.6
147	-1477.9	-1477.9	-1477.9	-1477.9	1441.4	-1477.9	-1477.9	-1477.9	-1477.9	-1477.9	-1477.9
148	-1486.7	-1486.7	-1486.7	-1486.7	1447.2	-1486.7	-1486.7	-1486.7	-1486.7	-1486.7	-1486.7
149	-1495.1	-1495.1	-1495.1	-1495.1	1453.1	-1495.1	-1495.1	-1495.1	-1495.1	-1495.1	-1495.1
150	-1503.1	-1503.1	-1503.1	-1503.1	1458.9	-1503.1	-1503.1	-1503.1	-1503.1	-1503.1	-1503.1
151	-1510.6	-1510.6	-1510.6	-1510.6	1463.9	-1510.6	-1510.6	-1510.6	-1510.6	-1510.6	-1510.6
152	-1517.4	-1517.4	-1517.4	-1517.4	1465.8	-1517.4	-1517.4	-1517.4	-1517.4	-1517.4	-1517.4
153	-1523.7	-1523.7	-1523.7	-1523.7	1416.7	-1523.7	-1523.7	-1523.7	-1523.7	-1523.7	-1523.7
154	-1530.3	-1530.3	-1530.3	-1530.3	1428.2	-1530.3	-1530.3	-1530.3	-1530.3	-1530.3	-1530.3
155	-1535.8	-1535.8	-1535.8	-1535.8	1471.5	-1535.8	-1535.8	-1535.8	-1535.8	-1535.8	-1535.8
156	-1439.6	-1439.6	-1541.5	-1541.5	1472.9	-1439.6	-1439.6	-1439.6	-1439.6	-1439.6	-1439.6
157	-1113.5	-1113.5	-1547.3	-1547.3	1472.4	-1113.5	-1113.5	-1113.5	-1113.5	-1113.5	-1113.5
158	-784.41	-784.41	-1309.7	-1309.7	1472	-784.41	-784.41	-784.41	-784.41	-784.41	-784.41
159	-442.83	-442.83	-1098.3	-1098.3	1471.5	-442.83	-442.83	-442.83	-442.83	-442.83	-442.83
160	80.619	80.619	-972.25	-972.25	1471	80.619	80.619	80.619	80.619	80.619	80.619
161	149.9	149.9	-946.42	-946.42	1470.3	149.9	149.9	149.9	149.9	149.9	149.9
162	155.61	155.61	-932.01	-932.01	1468.7	155.61	155.61	155.61	155.61	155.61	155.61
163	155.28	155.28	-920.53	-920.53	1467.1	155.28	155.28	155.28	155.28	155.28	155.28
164	154.04	154.04	-910.61	-910.61	1465.4	154.04	154.04	154.04	154.04	154.04	154.04
165	152.69	152.69	-901.82	-901.82	1463.8	152.69	152.69	152.69	152.69	152.69	152.69
166	151.36	151.36	-893.92	-893.92	1461.4	151.36	151.36	151.36	151.36	151.36	151.36
167	150.96	150.96	-886.34	-886.34	1456.4	150.96	150.96	150.96	150.96	150.96	150.96
168	150.95	150.95	-879.11	-879.11	1451.3	150.95	150.95	150.95	150.95	150.95	150.95
169	150.89	150.89	-872.25	-872.25	1446.2	150.89	150.89	150.89	150.89	150.89	150.89
170	150.76	150.76	-865.73	-865.73	1441	150.76	150.76	150.76	150.76	150.76	150.76
171	150.56	150.56	-859.52	-859.52	1436	150.56	150.56	150.56	150.56	150.56	150.56
172	150.17	150.17	-853.64	-853.64	1431.5	150.17	150.17	150.17	150.17	150.17	150.17
173	148.38	148.38	-848.43	-848.43	1406	148.38	148.38	148.38	148.38	148.38	148.38
174	145.51	145.51	-843.89	-843.89	1378.7	145.51	145.51	145.51	145.51	145.51	145.51
175	142.94	142.94	-839.64	-839.64	1352.8	142.94	142.94	142.94	142.94	142.94	142.94
176	140.83	140.83	-835.58	-835.58	1328.3	140.83	140.83	140.83	140.83	140.83	140.83
177	139.04	139.04	-831.75	-831.75	1305.3	139.04	139.04	139.04	139.04	139.04	139.04
178	137.57	137.57	-828.09	-828.09	1283.4	137.57	137.57	137.57	137.57	137.57	137.57
179	136.42	136.42	-824.58	-824.58	1262.5	136.42	136.42	136.42	136.42	136.42	136.42
180	135.55	135.55	-821.19	-821.19	1242.5	135.55	135.55	135.55	135.55	135.55	135.55
181	134.92	134.92	-817.9	-817.9	1223.4	134.92	134.92	134.92	134.92	134.92	134.92
182	134.4	134.4	-814.76	-814.76	1205.3	134.4	134.4	134.4	134.4	134.4	134.4
183	134.01	134.01	-811.74	-811.74	1188.1	134.01	134.01	134.01	134.01	134.01	134.01
184	133.77	133.77	-808.8	-808.8	1171.4	133.77	133.77	133.77	133.77	133.77	133.77
185	133.67	133.67	-805.94	-805.94	1155.4	133.67	133.67	133.67	133.67	133.67	133.67
186	133.69	133.69	-803.15	-803.15	1140	133.69	133.69	133.69	133.69	133.69	133.69
187	133.73	133.73	-800.46	-800.46	1125.5	133.73	133.73	133.73	133.73	133.73	133.73
188	133.83	133.83	-797.84	-797.84	1111.4	133.83	133.83	133.83	133.83	133.83	133.83
189	134	134	-795.29	-795.29	1097.8	134	134	134	134	134	134
190	134.24	134.24	-792.8	-792.8	1084.7	134.24	134.24	134.24	134.24	134.24	134.24
191	134.55	134.55	-790.35	-790.35	1072	134.55	134.55	134.55	134.55	134.55	134.55
192	134.85	134.85	-787.97	-787.97	1059.9	134.85	134.85	134.85	134.85	134.85	134.85
193	135.16	135.16	-785.65	-785.65	1048.2	135.16	135.16	135.16	135.16	135.16	135.16
194	135.51	135.51	-783.38	-783.38	1036.9	135.51	135.51	135.51	135.51	135.51	135.51
195	135.91	135.91	-781.15	-781.15	1025.8	135.91	135.91	135.91	135.91	135.91	135.91
196	136.33	136.33	-778.96	-778.96	1015.2	136.33	136.33	136.33	136.33	136.33	136.33
197	136.74	136.74	-776.82	-776.82	1005	136.74	136.74	136.74	136.74	136.74	136.74
198	137.14	137.14	-774.74	-774.74	995.09	137.14	137.14	137.14	137.14	137.14	137.14
199	137.57	137.57	-772.68	-772.68	985.44	137.57	137.57	137.57	137.57	137.57	137.57
200	138.01	138.01	-770.67	-770.67	976.06	138.01	138.01	138.01	138.01	138.01	138.01
201	138.48	138.48	-768.67	-768.67	966.95	138.48	138.48	138.48	138.48	138.48	138.48
202	138.92	138.92	-766.73	-766.73	958.22	138.92	138.92	138.92	138.92	138.92	138.92
203	139.35	139.35	-764.83	-764.83	949.7	139.35	139.35	139.35	139.35	139.35	139.35
204	139.8	139.8	-762.96	-762.96	941.4	139.8	139.8	139.8	139.8	139.8	139.8
205	140.25	140.25	-761.11	-761.11	933.29	140.25	140.25	140.25	140.25	140.25	140.25
206	140.71	140.71	-759.29	-759.29	925.41	140.71	140.71	140.71	140.71	140.71	140.71
207	141.16	141.16	-757.51	-757.51	917.83	141.16	141.16	141.16	141.16	141.16	141.16
208	141.59	141.59	-755.76	-755.76	910.42	141.59	141.59	141.59	141.59	141.59	141.59
209	142.02	142.02	-754.04	-754.04	903.18	142.02	142.02	142.02	142.02	142.02	142.02
210	142.46	142.46	-752.34	-752.34	896.1	142.46	142.46	142.46	142.46	142.46	142.46
211	142.91	142.91	-750.66	-750.66	889.21	142.91	142.91	142.91	142.91	142.91	142.91
212	143.33	143.33	-749.02	-749.02	882.56	143.33	143.33	143.33	143.33	143.33	143.33
213	143.74	143.74	-747.41	-747.41	876.05	143.74	143.74	143.74	143.74	143.74	143.74
214	144.15	144.15	-745.82	-745.82	869.68	144.15	144.15	144.15	144.15	144.15	144.15
215	144.57	144.57	-744.24	-744.24	863.44	144.57	144.57	144.57	144.57	144.57	144.57
216	144.99	144.99	-742.69	-742.69	857.35	144.99	144.99	144.99	144.99	144.99	144.99
217	145.39	145.39	-741.17	-741.17	851.46	145.39	145.39	145.39	145.39	145.39	145.39
218	145.77	145.77	-739.67	-739.67	845.69	145.77	145.77	145.77	145.77	145.77	145.77
219	146.16	146.16	-738.2	-738.2	840.03	146.16	146.16	146.16	146.16	146.16	146.16
220	146.55	146.55	-736.74	-736.74	834.48	146.55	146.55	146.55	146.55	146.55	146.55
221	146.93	146.93	-735.3	-735.3	829.05	146.93	146.93	146.93	146.93	146.93	146.93
222	147.31	147.31	-733.88	-733.88	823.8	147.31	147.31	147.31	147.31	147.31	147.31
223	147.67	147.67	-732.49	-732.49	818.64	147.67	147.67	147.67	147.67	147.67	147.67
224	148.02	148.02	-731.11	-731.11	813.58	148.02	148.02	148.02	148.02	148.02	148.02
225	148.38	148.38	-729.75	-729.75	808.61	148.38	148.38	148.38	148.38	148.38	148.38
226	148.74	148.74	-728.41	-728.41	803.74	148.74	148.74	148.74	148.74	148.74	148.74
227	149.09	149.09	-727.08	-727.08	799.02	149.09	149.09	149.09	149.09	149.09	149.09
228	149.42	149.42	-725.78	-725.78	794.38	149.42	149.42	149.42	149.42	149.42	149.42
229	149.75	149.75	-724.5	-724.5	789.82	149.75	149.75	149.75	149.75	149.75	149.75
230	150.08	150.08	-723.23	-723.23	785.34	150.08	150.08	150.08	150.08	150.08	150.08
231	150.41	150.41	-721.97	-721.97	780.94	150.41	150.41	150.41	150.41	150.41	150.41
232	150.73	150.73	-720.73	-720.73	776.67	150.73	150.73	150.73	150.73	150.73	150.73
233	151.03	151.03	-719.51	-719.51	772.47	151.03	151.03	151.03	151.03	151.03	151.03
234	151.34	151.34	-718.3	-718.3	768.34	151.34	151.34	151.34	151.34	151.34	151.34
235	151.64	151.64	-717.11	-717.11	764.28	151.64	151.64	151.64	151.64	151.64	151.64
236	151.94	151.94	-715.93	-715.93	760.29	151.94	151.94	151.94	151.94	151.94	151.94
237	152.23	152.23	-714.77	-714.77	756.4	152.23	152.23	152.23	152.23	152.23	152.23
238	152.52	152.52	-713.62	-713.62	752.58	152.52	152.52	152.52	152.52	152.52	152.52
239	152.8	152.8	-712.49	-712.49	748.82	152.8	152.8	152.8	152.8	152.8	152.8
240	153.07	153.07	-711.37	-711.37	745.11	153.07	153.07	153.07	153.07	153.07	153.07
241	153.35	153.35	-710.26	-710.26	741.47	153.35	153.35	153.35	153.35	153.35	153.35
242	153.62	153.62	-709.16	-709.16	737.93	153.62	153.62	153.62	153.62	153.62	153.62
243	153.88	153.88	-708.08	-708.08	734.43	153.88	153.88	153.88	153.88	153.88	153.88
244	154.14	154.14	-707.02	-707.02	730.99	154.14	154.14	154.14	154.14	154.14	154.14
245	154.39	154.39	-705.96	-705.96	727.59	154.39	154.39	154.39	154.39	154.39	154.39
246	154.65	154.65	-704.91	-704.91	724.26	154.65	154.65	154.65	154.65	154.65	154.65
247	154.89	154.89	-703.88	-703.88	721.01	154.89	154.89	154.89	154.89	154.89	154.89
248	155.13	155.13	-702.86	-702.86	717.8	155.13	155.13	155.13	155.13	155.13	155.13
249	155.36	155.36	-701.85	-701.85	714.64	155.36	155.36	155.36	155.36	155.36	155.36
250	155.6	155.6	-700.86	-700.86	711.52	155.6	155.6	155.6	155.6	155.6	155.6
251	155.83	155.83	-699.87	-699.87	708.46	155.83	155.83	155.83	155.83	155.83	155.83
252	156.06	156.06	-698.89	-698.89	705.47	156.06	156.06	156.06	156.06	156.06	156.06
253	156.27	156.27	-697.93	-697.93	702.52	156.27	156.27	156.27	156.27	156.27	156.27
254	156.49	156.49	-696.98	-696.98	699.6	156.49	156.49	156.49	156.49	156.49	156.49
255	156.7	156.7	-696.04	-696.04	696.73	156.7	156.7	156.7	156.7	156.7	156.7
256	156.92	156.92	-695.11	-695.11	693.9	156.92	156.92	156.92	156.92	156.92	156.92
257	157.12	157.12	-694.19	-694.19	691.14	157.12	157.12	157.12	157.12	157.12	157.12
258	157.32	157.32	-693.28	-693.28	688.41	157.32	157.32	157.32	157.32	157.32	157.32
259	157.52	157.52	-692.38	-692.38	685.72	157.52	157.52	157.52	157.52	157.52	157.52
260	157.72	157.72	-691.49	-691.49	683.06	157.72	157.72	157.72	157.72	157.72	157.72
261	157.91	157.91	-690.61	-690.61	680.44	157.91	157.91	157.91	157.91	157.91	157.91
262	158.11	158.11	-689.74	-689.74	677.88	158.11	158.11	158.11	158.11	158.11	158.11
263	158.29	158.29	-688.88	-688.88	675.35	158.29	158.29	158.29	158.29	158.29	158.29
264	158.47	158.47	-688.03	-688.03	672.85	158.47	158.47	158.47	158.47	158.47	158.47
265	158.65	158.65	-687.18	-687.18	670.39	158.65	158.65	158.65	158.65	158.65	158.65
266	158.83	158.83	-686.35	-686.35	667.96	158.83	158.83	158.83	158.83	158.83	158.83
267	159.01	159.01	-685.52	-685.52	665.58	159.01	159.01	159.01	159.01	159.01	159.01
268	159.18	159.18	-684.71	-684.71	663.23	159.18	159.18	159.18	159.18	159.18	159.18
269	159.35	159.35	-683.9	-683.9	660.9	159.35	159.35	159.35	159.35	159.35	159.35
270	159.52	159.52	-683.1	-683.1	658.61	159.52	159.52	159.52	159.52	159.52	159.52
271	159.68	159.68	-682.31	-682.31	656.34	159.68	159.68	159.68	159.68	159.68	159.68
272	159.85	159.85	-681.52	-681.52	654.13	159.85	159.85	159.85	159.85	159.85	159.85
273	160	160	-680.75	-680.75	651.93	160	160	160	160	160	160
274	160.16	160.16	-679.98	-679.98	649.77	160.16	160.16	160.16	160.16	160.16	160.16
275	160.31	160.31	-679.22	-679.22	647.62	160.31	160.31	160.31	160.31	160.31	160.31
276	160.47	160.47	-678.47	-678.47	645.51	160.47	160.47	160.47	160.47	160.47	160.47
277	160.62	160.62	-677.73	-677.73	643.44	160.62	160.62	160.62	160.62	160.62	160.62
278	160.76	160.76	-676.99	-676.99	641.39	160.76	160.76	160.76	160.76	160.76	160.76
279	160.91	160.91	-676.26	-676.26	639.36	160.91	160.91	160.91	160.91	160.91	160.91
280	161.05	161.05	-675.54	-675.54	637.36	161.05	161.05	161.05	161.05	161.05	161.05
281	161.19	161.19	-674.82	-674.82	635.38	161.19	161.19	161.19	161.19	161.19	161.19
282	161.33	161.33	-674.12	-674.12	633.44	161.33	161.33	161.33	161.33	161.33	161.33
283	161.47	161.47	-673.42	-673.42	631.52	161.47	161.47	161.47	161.47	161.47	161.47
284	161.6	161.6	-672.72	-672.72	629.62	161.6	161.6	161.6	161.6	161.6	161.6
285	161.74	161.74	-672.04	-672.04	627.74	161.74	161.74	161.74	161.74	161.74	161.74
286	161.87	161.87	-671.35	-671.35	625.88	161.87	161.87	161.87	161.87	161.87	161.87
287	162	162	-670.68	-670.68	624.06	162	162	162	162	162	162
288	162.12	162.12	-670.01	-670.01	622.26	162.12	162.12	162.12	162.12	162.12	162.12
289	162.25	162.25	-669.35	-669.35	620.48	162.25	162.25	162.25	162.25	162.25	162.25
290	162.37	162.37	-668.7	-668.7	618.71	162.37	162.37	162.37	162.37	162.37	162.37
291	162.5	162.5	-668.05	-668.05	616.96	162.5	162.5	162.5	162.5	162.5	162.5
292	162.62	162.62	-667.4	-667.4	615.25	162.62	162.62	162.62	162.62	162.62	162.62
293	162.73	162.73	-666.77	-666.77	613.56	162.73	162.73	162.73	162.73	162.73	162.73
294	162.85	162.85	-666.14	-666.14	611.88	162.85	162.85	162.85	162.85	162.85	162.85
295	162.96	162.96	-665.51	-665.51	610.22	162.96	162.96	162.96	162.96	162.96	162.96
296	163.08	163.08	-664.89	-664.89	608.57	163.08	163.08	163.08	163.08	163.08	163.08
297	163.19	163.19	-664.28	-664.28	606.96	163.19	163.19	163.19	163.19	163.19	163.19
298	163.3	163.3	-663.67	-663.67	605.36	163.3	163.3	163.3	163.3	163.3	163.3
299	163.41	163.41	-663.07	-663.07	603.78	163.41	163.41	163.41	163.41	163.41	163.41
300	163.52	163.52	-662.47	-662.47	602.21	163.52	163.52	163.52	163.52	163.52	163.52
301	163.62	163.62	-661.88	-661.88	600.66	163.62	163.62	163.62	163.62	163.62	163.62
302	163.73	163.73	-661.29	-661.29	599.14	163.73	163.73	163.73	163.73	163.73	163.73
303	163.83	163.83	-660.71	-660.71	597.63	163.83	163.83	163.83	163.83	163.83	163.83
304	163.93	163.93	-660.13	-660.13	596.13	163.93	163.93	163.93	163.93	163.93	163.93
305	164.03	164.03	-659.56	-659.56	594.65	164.03	164.03	164.03	164.03	164.03	164.03
306	164.13	164.13	-659	-659	593.19	164.13	164.13	164.13	164.13	164.13	164.13
307	164.23	164.23	-658.43	-658.43	591.75	164.23	164.23	164.23	164.23	164.23	164.23
308	164.32	164.32	-657.88	-657.88	590.32	164.32	164.32	164.32	164.32	164.32	164.32
309	164.42	164.42	-657.33	-657.33	588.91	164.42	164.42	164.42	164.42	164.42	164.42
310	164.51	164.51	-656.78	-656.78	587.5	164.51	164.51	164.51	164.51	164.51	164.51
311	164.6	164.6	-656.24	-656.24	586.12	164.6	164.6	164.6	164.6	164.6	164.6
312	164.7	164.7	-655.7	-655.7	584.76	164.7	164.7	164.7	164.7	164.7	164.7
313	164.78	164.78	-655.17	-655.17	583.41	164.78	164.78	164.78	164.78	164.78	164.78
314	164.87	164.87	-654.64	-654.64	582.07	164.87	164.87	164.87	164.87	164.87	164.87
315	164.96	164.96	-654.12	-654.12	580.74	164.96	164.96	164.96	164.96	164.96	164.96
316	165.05	165.05	-653.6	-653.6	579.43	165.05	165.05	165.05	165.05	165.05	165.05
317	165.13	165.13	-653.09	-653.09	578.14	165.13	165.13	165.13	165.13	165.13	165.13
318	165.22	165.22	-652.58	-652.58	576.85	165.22	165.22	165.22	165.22	165.22	165.22
319	165.3	165.3	-652.07	-652.07	575.58	165.3	165.3	165.3	165.3	165.3	165.3
320	165.38	165.38	-651.57	-651.57	574.33	165.38	165.38	165.38	165.38	165.38	165.38
321	165.47	165.47	-651.08	-651.08	573.09	165.47	165.47	165.47	165.47	165.47	165.47
322	165.54	165.54	-650.59	-650.59	571.92	165.54	165.54	165.54	165.54	165.54	165.54
323	165.61	165.61	-650.12	-650.12	570.75	165.61	165.61	165.61	165.61	165.61	165.61
324	165.68	165.68	-649.66	-649.66	569.6	165.68	165.68	165.68	165.68	165.68	165.68
325	165.74	165.74	-649.21	-649.21	568.45	165.74	165.74	165.74	165.74	165.74	165.74
326	165.81	165.81	-648.76	-648.76	567.33	165.81	165.81	165.81	165.81	165.81	165.81
327	165.88	165.88	-648.33	-648.33	566.25	165.88	165.88	165.88	165.88	165.88	165.88
328	165.94	165.94	-647.91	-647.91	565.17	165.94	165.94	165.94	165.94	165.94	165.94
329	166	166	-647.49	-647.49	564.1	166	166	166	166	166	166
330	166.06	166.06	-647.09	-647.09	563.05	166.06	166.06	166.06	166.06	166.06	166.06
331	166.12	166.12	-646.69	-646.69	562	166.12	166.12	166.12	166.12	166.12	166.12
332	166.19	166.19	-646.3	-646.3	560.97	166.19	166.19	166.19	166.19	166.19	166.19
333	166.26	166.26	-645.91	-645.91	559.95	166.26	166.26	166.26	166.26	166.26	166.26
334	166.32	166.32	-645.53	-645.53	558.93	166.32	166.32	166.32	166.32	166.32	166.32
335	166.39	166.39	-645.16	-645.16	557.92	166.39	166.39	166.39	166.39	166.39	166.39
336	166.47	166.47	-644.79	-644.79	556.94	166.47	166.47	166.47	166.47	166.47	166.47
337	166.54	166.54	-644.43	-644.43	556.01	166.54	166.54	166.54	166.54	166.54	166.54
338	166.6	166.6	-644.09	-644.09	555.08	166.6	166.6	166.6	166.6	166.6	166.6
339	166.66	166.66	-643.76	-643.76	554.16	166.66	166.66	166.66	166.66	166.66	166.66
340	166.72	166.72	-643.44	-643.44	553.25	166.72	166.72	166.72	166.72	166.72	166.72
341	166.8	166.8	-643.12	-643.12	552.38	166.8	166.8	166.8	166.8	166.8	166.8
342	166.86	166.86	-642.84	-642.84	551.63	166.86	166.86	166.86	166.86	166.86	166.86
343	166.9	166.9	-642.59	-642.59	550.89	166.9	166.9	166.9	166.9	166.9	166.9
344	166.94	166.94	-642.35	-642.35	550.14	166.94	166.94	166.94	166.94	166.94	166.94
345	166.98	166.98	-642.13	-642.13	549.41	166.98	166.98	166.98	166.98	166.98	166.98
346	167.07	167.07	-641.93	-641.93	548.87	167.07	167.07	167.07	167.07	167.07	167.07
347	167.11	167.11	-641.9	-641.9	549.01	167.11	167.11	167.11	167.11	167.11	167.11
348	166.99	166.99	-642	-642	549.1	166.99	166.99	166.99	166.99	166.99	166.99
349	166.86	166.86	-642.2	-642.2	549.19	166.86	166.86	166.86	166.86	166.86	166.86
350	166.75	166.75	-642.45	-642.45	549.28	166.75	166.75	166.75	166.75	166.75	166.75
351	166.71	166.71	-642.77	-642.77	549.57	166.71	166.71	166.71	166.71	166.71	166.71
352	166.63	166.63	-643.29	-643.29	550.52	166.63	166.63	166.63	166.63	166.63	166.63
353	166.43	166.43	-643.97	-643.97	551.42	166.43	166.43	166.43	166.43	166.43	166.43
354	166.24	166.24	-644.77	-644.77	552.33	166.24	166.24	166.24	166.24	166.24	166.24
355	166.09	166.09	-645.65	-645.65	553.24	166.09	166.09	166.09	166.09	166.09	166.09
356	166.01	166.01	-646.62	-646.62	554.26	166.01	166.01	166.01	166.01	166.01	166.01
357	423.46	423.46	-467.37	-467.37	672.18	423.46	423.46	423.46	423.46	423.46	423.46
358	483.02	483.02	-389.75	-389.75	705.31	483.02	483.02	483.02	483.02	483.02	483.02
359	494.89	494.89	-374.72	-374.72	707.92	494.89	494.89	494.89	494.89	494.89	494.89
360	489.12	489.12	-388.54	-388.54	698.94	489.12	489.12	489.12	489.12	489.12	489.12
361	476.91	476.91	-411.42	-411.42	686.14	476.91	476.91	476.91	476.91	476.91	476.91
362	462.79	462.79	-435.27	-435.27	672.65	462.79	462.79	462.79	462.79	462.79	462.79
363	480.66	480.66	-414.76	-414.76	675.4	480.66	480.66	480.66	480.66	480.66	480.66
364	479.12	479.12	-421.64	-421.64	665.66	479.12	479.12	479.12	479.12	479.12	479.12
365	470.29	470.29	-438.44	-438.44	651.63	470.29	470.29	470.29	470.29	470.29	470.29
366	458.92	458.92	-457.41	-457.41	636.51	458.92	458.92	458.92	458.92	458.92	458.92
367	495.09	495.09	-388.09	-388.09	639.19	495.09	495.09	495.09	495.09	495.09	495.09
368	497.42	497.42	-367.87	-367.87	619.63	497.42	497.42	497.42	497.42	497.42	497.42
369	487.79	487.79	-370.19	-370.19	592.6	487.79	487.79	487.79	487.79	487.79	487.79
370	474.71	474.71	-379.97	-379.97	564.26	474.71	474.71	474.71	474.71	474.71	474.71
371	341.01	341.01	-325.89	-325.89	481.34	341.01	341.01	341.01	341.01	341.01	341.01
372	208.8	208.8	-193.29	-193.29	424.22	208.8	208.8	208.8	208.8	208.8	208.8
373	-141.15	-141.15	153.9	153.9	375.5	-141.15	-141.15	-141.15	-141.15	-141.15	-141.15
374	-287.03	-287.03	273.24	273.24	335.49	-287.03	-287.03	-287.03	-287.03	-287.03	-287.03
375	54.117	54.117	382.88	382.88	246.68	54.117	54.117	54.117	54.117	54.117	54.117
376	130.74	130.74	412.55	412.55	-188.03	130.74	130.74	130.74	130.74	130.74	130.74
377	169.45	169.45	435.84	435.84	-370.66	169.45	169.45	169.45	169.45	169.45	169.45
378	175.62	175.62	447	447	-489.01	175.62	175.62	175.62	175.62	175.62	175.62
379	170.84	170.84	452.93	452.93	-578.96	170.84	170.84	170.84	170.84	170.84	170.84
380	161.47	161.47	456.35	456.35	-651.25	161.47	161.47	161.47	161.47	161.47	161.47
381	150.09	150.09	458.53	458.53	-711.18	150.09	150.09	150.09	150.09	150.09	150.09
382	137.94	137.94	460.09	460.09	-761.93	137.94	137.94	137.94	137.94	137.94	137.94
383	125.71	125.71	461.35	461.35	-805.57	125.71	125.71	125.71	125.71	125.71	125.71
384	-127.36	-127.36	428.39	428.39	-821.51	-127.36	-127.36	-127.36	-127.36	-127.36	-127.36
385	-142.99	-142.99	421.6	421.6	-816.33	-142.99	-142.99	-142.99	-142.99	-142.99	-142.99
386	-145.5	-145.5	417.79	417.79	-809.16	-145.5	-145.5	-145.5	-145.5	-145.5	-145.5
387	-145.45	-145.45	414.65	414.65	-801.74	-145.45	-145.45	-145.45	-145.45	-145.45	-145.45
388	-144.82	-144.82	411.7	411.7	-794.42	-144.82	-144.82	-144.82	-144.82	-144.82	-144.82
389	-144.06	-144.06	408.82	408.82	-787.28	-144.06	-144.06	-144.06	-144.06	-144.06	-144.06
390	-143.27	-143.27	406.01	406.01	-780.33	-143.27	-143.27	-143.27	-143.27	-143.27	-143.27
391	-142.47	-142.47	403.23	403.23	-773.55	-142.47	-142.47	-142.47	-142.47	-142.47	-142.47
392	-141.66	-141.66	400.49	400.49	-766.93	-141.66	-141.66	-141.66	-141.66	-141.66	-141.66
393	-140.84	-140.84	397.79	397.79	-760.47	-140.84	-140.84	-140.84	-140.84	-140.84	-140.84
394	-140.01	-140.01	395.14	395.14	-754.16	-140.01	-140.01	-140.01	-140.01	-140.01	-140.01
395	-139.19	-139.19	392.52	392.52	-748	-139.19	-139.19	-139.19	-139.19	-139.19	-139.19
396	-138.37	-138.37	389.94	389.94	-741.96	-138.37	-138.37	-138.37	-138.37	-138.37	-138.37
397	-137.54	-137.54	387.38	387.38	-736.06	-137.54	-137.54	-137.54	-137.54	-137.54	-137.54
398	-136.71	-136.71	384.86	384.86	-730.27	-136.71	-136.71	-136.71	-136.71	-136.71	-136.71
399	-135.88	-135.88	382.38	382.38	-724.6	-135.88	-135.88	-135.88	-135.88	-135.88	-135.88
400	-135.06	-135.06	379.93	379.93	-719.03	-135.06	-135.06	-135.06	-135.06	-135.06	-135.06
401	-134.24	-134.24	377.51	377.51	-713.58	-134.24	-134.24	-134.24	-134.24	-134.24	-134.24
402	-133.42	-133.42	375.11	375.11	-708.22	-133.42	-133.42	-133.42	-133.42	-133.42	-133.42
403	-132.59	-132.59	372.74	372.74	-702.95	-132.59	-132.59	-132.59	-132.59	-132.59	-132.59
404	-131.78	-131.78	370.4	370.4	-697.78	-131.78	-131.78	-131.78	-131.78	-131.78	-131.78
405	-130.96	-130.96	368.09	368.09	-692.69	-130.96	-130.96	-130.96	-130.96	-130.96	-130.96
406	-130.16	-130.16	365.81	365.81	-687.7	-130.16	-130.16	-130.16	-130.16	-130.16	-130.16
407	-129.35	-129.35	363.54	363.54	-682.77	-129.35	-129.35	-129.35	-129.35	-129.35	-129.35
408	-128.54	-128.54	361.31	361.31	-677.93	-128.54	-128.54	-128.54	-128.54	-128.54	-128.54
409	-127.75	-127.75	359.1	359.1	-673.16	-127.75	-127.75	-127.75	-127.75	-127.75	-127.75
410	-126.95	-126.95	356.91	356.91	-668.47	-126.95	-126.95	-126.95	-126.95	-126.95	-126.95
411	-126.17	-126.17	354.75	354.75	-663.84	-126.17	-126.17	-126.17	-126.17	-126.17	-126.17
412	-125.38	-125.38	352.6	352.6	-659.28	-125.38	-125.38	-125.38	-125.38	-125.38	-125.38
413	-124.6	-124.6	350.48	350.48	-654.79	-124.6	-124.6	-124.6	-124.6	-124.6	-124.6
414	-123.83	-123.83	348.38	348.38	-650.35	-123.83	-123.83	-123.83	-123.83	-123.83	-123.83
415	-123.06	-123.06	346.31	346.31	-645.98	-123.06	-123.06	-123.06	-123.06	-123.06	-123.06
416	-122.29	-122.29	344.25	344.25	-641.67	-122.29	-122.29	-122.29	-122.29	-122.29	-122.29
417	-121.53	-121.53	342.21	342.21	-637.41	-121.53	-121.53	-121.53	-121.53	-121.53	-121.53
418	-120.78	-120.78	340.19	340.19	-633.2	-120.78	-120.78	-120.78	-120.78	-120.78	-120.78
419	-120.03	-120.03	338.2	338.2	-629.05	-120.03	-120.03	-120.03	-120.03	-120.03	-120.03
420	-119.29	-119.29	336.22	336.22	-624.96	-119.29	-119.29	-119.29	-119.29	-119.29	-119.29
421	-118.55	-118.55	334.26	334.26	-620.91	-118.55	-118.55	-118.55	-118.55	-118.55	-118.55
422	-117.82	-117.82	332.31	332.31	-616.91	-117.82	-117.82	-117.82	-117.82	-117.82	-117.82
423	-117.09	-117.09	330.39	330.39	-612.96	-117.09	-117.09	-117.09	-117.09	-117.09	-117.09
424	-116.36	-116.36	328.48	328.48	-609.05	-116.36	-116.36	-116.36	-116.36	-116.36	-116.36
425	-115.65	-115.65	326.59	326.59	-605.19	-115.65	-115.65	-115.65	-115.65	-115.65	-115.65
426	-114.94	-114.94	324.72	324.72	-601.37	-114.94	-114.94	-114.94	-114.94	-114.94	-114.94
427	-114.23	-114.23	322.86	322.86	-597.59	-114.23	-114.23	-114.23	-114.23	-114.23	-114.23
428	-113.53	-113.53	321.02	321.02	-593.86	-113.53	-113.53	-113.53	-113.53	-113.53	-113.53
429	-112.84	-112.84	319.2	319.2	-590.17	-112.84	-112.84	-112.84	-112.84	-112.84	-112.84
430	-112.15	-112.15	317.39	317.39	-586.51	-112.15	-112.15	-112.15	-112.15	-112.15	-112.15
431	-111.46	-111.46	315.6	315.6	-582.9	-111.46	-111.46	-111.46	-111.46	-111.46	-111.46
432	-110.78	-110.78	313.82	313.82	-579.32	-110.78	-110.78	-110.78	-110.78	-110.78	-110.78
433	-110.11	-110.11	312.05	312.05	-575.78	-110.11	-110.11	-110.11	-110.11	-110.11	-110.11
434	-109.44	-109.44	310.3	310.3	-572.27	-109.44	-109.44	-109.44	-109.44	-109.44	-109.44
435	-108.77	-108.77	308.57	308.57	-568.8	-108.77	-108.77	-108.77	-108.77	-108.77	-108.77
436	-108.12	-108.12	306.85	306.85	-565.36	-108.12	-108.12	-108.12	-108.12	-108.12	-108.12
437	-107.46	-107.46	305.15	305.15	-561.96	-107.46	-107.46	-107.46	-107.46	-107.46	-107.46
438	-106.81	-106.81	303.45	303.45	-558.59	-106.81	-106.81	-106.81	-106.81	-106.81	-106.81
439	-106.17	-106.17	301.78	301.78	-555.25	-106.17	-106.17	-106.17	-106.17	-106.17	-106.17
440	-105.53	-105.53	300.11	300.11	-551.95	-105.53	-105.53	-105.53	-105.53	-105.53	-105.53
441	-104.9	-104.9	298.46	298.46	-548.67	-104.9	-104.9	-104.9	-104.9	-104.9	-104.9
442	-104.27	-104.27	296.82	296.82	-545.43	-104.27	-104.27	-104.27	-104.27	-104.27	-104.27
443	-103.64	-103.64	295.2	295.2	-542.21	-103.64	-103.64	-103.64	-103.64	-103.64	-103.64
444	-103.02	-103.02	293.58	293.58	-539.03	-103.02	-103.02	-103.02	-103.02	-103.02	-103.02
445	-102.41	-102.41	291.98	291.98	-535.87	-102.41	-102.41	-102.41	-102.41	-102.41	-102.41
446	-101.8	-101.8	290.39	290.39	-532.74	-101.8	-101.8	-101.8	-101.8	-101.8	-101.8
447	-101.19	-101.19	288.82	288.82	-529.64	-101.19	-101.19	-101.19	-101.19	-101.19	-101.19
448	-100.59	-100.59	287.25	287.25	-526.56	-100.59	-100.59	-100.59	-100.59	-100.59	-100.59
449	-99.995	-99.995	285.7	285.7	-523.51	-99.995	-99.995	-99.995	-99.995	-99.995	-99.995
450	-99.403	-99.403	284.16	284.16	-520.49	-99.403	-99.403	-99.403	-99.403	-99.403	-99.403
451	-98.816	-98.816	282.63	282.63	-517.49	-98.816	-98.816	-98.816	-98.816	-98.816	-98.816
452	-98.232	-98.232	281.11	281.11	-514.52	-98.232	-98.232	-98.232	-98.232	-98.232	-98.232
453	-97.653	-97.653	279.6	279.6	-511.57	-97.653	-97.653	-97.653	-97.653	-97.653	-97.653
454	-97.078	-97.078	278.1	278.1	-508.65	-97.078	-97.078	-97.078	-97.078	-97.078	-97.078
455	-96.507	-96.507	276.62	276.62	-505.75	-96.507	-96.507	-96.507	-96.507	-96.507	-96.507
456	-95.94	-95.94	275.14	275.14	-502.87	-95.94	-95.94	-95.94	-95.94	-95.94	-95.94
457	-95.377	-95.377	273.68	273.68	-500.02	-95.377	-95.377	-95.377	-95.377	-95.377	-95.377
458	-94.818	-94.818	272.22	272.22	-497.19	-94.818	-94.818	-94.818	-94.818	-94.818	-94.818
459	-94.263	-94.263	270.78	270.78	-494.38	-94.263	-94.263	-94.263	-94.263	-94.263	-94.263
460	-93.711	-93.711	269.34	269.34	-491.6	-93.711	-93.711	-93.711	-93.711	-93.711	-93.711
461	-93.164	-93.164	267.92	267.92	-488.83	-93.164	-93.164	-93.164	-93.164	-93.164	-93.164
462	-92.62	-92.62	266.5	266.5	-486.09	-92.62	-92.62	-92.62	-92.62	-92.62	-92.62
463	-92.081	-92.081	265.1	265.1	-483.36	-92.081	-92.081	-92.081	-92.081	-92.081	-92.081
464	-91.545	-91.545	263.7	263.7	-480.66	-91.545	-91.545	-91.545	-91.545	-91.545	-91.545
465	-91.012	-91.012	262.31	262.31	-477.98	-91.012	-91.012	-91.012	-91.012	-91.012	-91.012
466	-90.483	-90.483	260.93	260.93	-475.32	-90.483	-90.483	-90.483	-90.483	-90.483	-90.483
467	-89.959	-89.959	259.57	259.57	-472.67	-89.959	-89.959	-89.959	-89.959	-89.959	-89.959
468	-89.437	-89.437	258.21	258.21	-470.05	-89.437	-89.437	-89.437	-89.437	-89.437	-89.437
469	-88.919	-88.919	256.86	256.86	-467.44	-88.919	-88.919	-88.919	-88.919	-88.919	-88.919
470	-88.404	-88.404	255.51	255.51	-464.86	-88.404	-88.404	-88.404	-88.404	-88.404	-88.404
471	-87.893	-87.893	254.18	254.18	-462.29	-87.893	-87.893	-87.893	-87.893	-87.893	-87.893
472	-87.385	-87.385	252.86	252.86	-459.74	-87.385	-87.385	-87.385	-87.385	-87.385	-87.385
473	-86.88	-86.88	251.54	251.54	-457.21	-86.88	-86.88	-86.88	-86.88	-86.88	-86.88
474	-86.379	-86.379	250.23	250.23	-454.69	-86.379	-86.379	-86.379	-86.379	-86.379	-86.379
475	-85.88	-85.88	248.93	248.93	-452.2	-85.88	-85.88	-85.88	-85.88	-85.88	-85.88
476	-85.384	-85.384	247.64	247.64	-449.72	-85.384	-85.384	-85.384	-85.384	-85.384	-85.384
477	-84.892	-84.892	246.36	246.36	-447.25	-84.892	-84.892	-84.892	-84.892	-84.892	-84.892
478	-84.403	-84.403	245.08	245.08	-444.8	-84.403	-84.403	-84.403	-84.403	-84.403	-84.403
479	-83.917	-83.917	243.81	243.81	-442.37	-83.917	-83.917	-83.917	-83.917	-83.917	-83.917
480	-83.434	-83.434	242.55	242.55	-439.96	-83.434	-83.434	-83.434	-83.434	-83.434	-83.434
481	-82.953	-82.953	241.3	241.3	-437.56	-82.953	-82.953	-82.953	-82.953	-82.953	-82.953
482	-82.475	-82.475	240.05	240.05	-435.18	-82.475	-82.475	-82.475	-82.475	-82.475	-82.475
483	-82.001	-82.001	238.81	238.81	-432.81	-82.001	-82.001	-82.001	-82.001	-82.001	-82.001
484	-81.529	-81.529	237.58	237.58	-430.45	-81.529	-81.529	-81.529	-81.529	-81.529	-81.529
485	-81.059	-81.059	236.35	236.35	-428.12	-81.059	-81.059	-81.059	-81.059	-81.059	-81.059
486	-80.592	-80.592	235.14	235.14	-425.79	-80.592	-80.592	-80.592	-80.592	-80.592	-80.592
487	-80.128	-80.128	233.93	233.93	-423.48	-80.128	-80.128	-80.128	-80.128	-80.128	-80.128
488	-79.667	-79.667	232.72	232.72	-421.19	-79.667	-79.667	-79.667	-79.667	-79.667	-79.667
489	-79.208	-79.208	231.52	231.52	-418.91	-79.208	-79.208	-79.208	-79.208	-79.208	-79.208
490	-78.751	-78.751	230.33	230.33	-416.64	-78.751	-78.751	-78.751	-78.751	-78.751	-78.751
491	-78.297	-78.297	229.15	229.15	-414.38	-78.297	-78.297	-78.297	-78.297	-78.297	-78.297
492	-77.846	-77.846	227.97	227.97	-412.14	-77.846	-77.846	-77.846	-77.846	-77.846	-77.846
493	-77.398	-77.398	226.8	226.8	-409.92	-77.398	-77.398	-77.398	-77.398	-77.398	-77.398
494	-76.951	-76.951	225.64	225.64	-407.7	-76.951	-76.951	-76.951	-76.951	-76.951	-76.951
495	-76.507	-76.507	224.48	224.48	-405.5	-76.507	-76.507	-76.507	-76.507	-76.507	-76.507
496	-76.065	-76.065	223.33	223.33	-403.31	-76.065	-76.065	-76.065	-76.065	-76.065	-76.065
497	-75.625	-75.625	222.18	222.18	-401.14	-75.625	-75.625	-75.625	-75.625	-75.625	-75.625
498	-75.187	-75.187	221.04	221.04	-398.97	-75.187	-75.187	-75.187	-75.187	-75.187	-75.187
499	-74.752	-74.752	219.9	219.9	-396.82	-74.752	-74.752	-74.752	-74.752	-74.752	-74.752
500	-74.318	-74.318	218.77	218.77	-394.68	-74.318	-74.318	-74.318	-74.318	-74.318	-74.318
501	-73.886	-73.886	217.65	217.65	-392.55	-73.886	-73.886	-73.886	-73.886	-73.886	-73.886
502	-73.457	-73.457	216.53	216.53	-390.44	-73.457	-73.457	-73.457	-73.457	-73.457	-73.457
503	-73.03	-73.03	215.42	215.42	-388.33	-73.03	-73.03	-73.03	-73.03	-73.03	-73.03
504	-72.605	-72.605	214.31	214.31	-386.24	-72.605	-72.605	-72.605	-72.605	-72.605	-72.605
505	-72.182	-72.182	213.21	213.21	-384.15	-72.182	-72.182	-72.182	-72.182	-72.182	-72.182
506	-71.761	-71.761	212.12	212.12	-382.08	-71.761	-71.761	-71.761	-71.761	-71.761	-71.761
507	-71.342	-71.342	211.03	211.03	-380.02	-71.342	-71.342	-71.342	-71.342	-71.342	-71.342
508	-70.925	-70.925	209.94	209.94	-377.97	-70.925	-70.925	-70.925	-70.925	-70.925	-70.925
509	-70.509	-70.509	208.86	208.86	-375.93	-70.509	-70.509	-70.509	-70.509	-70.509	-70.509
510	-70.096	-70.096	207.78	207.78	-373.9	-70.096	-70.096	-70.096	-70.096	-70.096	-70.096
511	-69.683	-69.683	206.71	206.71	-371.88	-69.683	-69.683	-69.683	-69.683	-69.683	-69.683
512	-69.273	-69.273	205.65	205.65	-369.87	-69.273	-69.273	-69.273	-69.273	-69.273	-69.273
513	-68.865	-68.865	204.59	204.59	-367.87	-68.865	-68.865	-68.865	-68.865	-68.865	-68.865
514	-68.458	-68.458	203.53	203.53	-365.88	-68.458	-68.458	-68.458	-68.458	-68.458	-68.458
515	-68.052	-68.052	202.48	202.48	-363.9	-68.052	-68.052	-68.052	-68.052	-68.052	-68.052
516	-67.648	-67.648	201.43	201.43	-361.93	-67.648	-67.648	-67.648	-67.648	-67.648	-67.648
517	-67.247	-67.247	200.39	200.39	-359.96	-67.247	-67.247	-67.247	-67.247	-67.247	-67.247
518	-66.847	-66.847	199.35	199.35	-358.01	-66.847	-66.847	-66.847	-66.847	-66.847	-66.847
519	-66.449	-66.449	198.32	198.32	-356.07	-66.449	-66.449	-66.449	-66.449	-66.449	-66.449
520	-66.051	-66.051	197.29	197.29	-354.13	-66.051	-66.051	-66.051	-66.051	-66.051	-66.051
521	-65.655	-65.655	196.26	196.26	-352.21	-65.655	-65.655	-65.655	-65.655	-65.655	-65.655
522	-65.261	-65.261	195.24	195.24	-350.29	-65.261	-65.261	-65.261	-65.261	-65.261	-65.261
523	-64.869	-64.869	194.23	194.23	-348.38	-64.869	-64.869	-64.869	-64.869	-64.869	-64.869
524	-64.477	-64.477	193.21	193.21	-346.48	-64.477	-64.477	-64.477	-64.477	-64.477	-64.477
525	-64.087	-64.087	192.2	192.2	-344.59	-64.087	-64.087	-64.087	-64.087	-64.087	-64.087
526	-63.698	-63.698	191.2	191.2	-342.7	-63.698	-63.698	-63.698	-63.698	-63.698	-63.698
527	-63.311	-63.311	190.2	190.2	-340.82	-63.311	-63.311	-63.311	-63.311	-63.311	-63.311
528	-62.925	-62.925	189.2	189.2	-338.95	-62.925	-62.925	-62.925	-62.925	-62.925	-62.925
529	-62.54	-62.54	188.21	188.21	-337.09	-62.54	-62.54	-62.54	-62.54	-62.54	-62.54
530	-62.157	-62.157	187.22	187.22	-335.24	-62.157	-62.157	-62.157	-62.157	-62.157	-62.157
531	-61.774	-61.774	186.23	186.23	-333.39	-61.774	-61.774	-61.774	-61.774	-61.774	-61.774
532	-61.393	-61.393	185.25	185.25	-331.55	-61.393	-61.393	-61.393	-61.393	-61.393	-61.393
533	-61.014	-61.014	184.27	184.27	-329.72	-61.014	-61.014	-61.014	-61.014	-61.014	-61.014
534	-60.635	-60.635	183.3	183.3	-327.9	-60.635	-60.635	-60.635	-60.635	-60.635	-60.635
535	-60.257	-60.257	182.32	182.32	-326.08	-60.257	-60.257	-60.257	-60.257	-60.257	-60.257
536	-59.881	-59.881	181.36	181.36	-324.27	-59.881	-59.881	-59.881	-59.881	-59.881	-59.881
537	-59.506	-59.506	180.39	180.39	-322.46	-59.506	-59.506	-59.506	-59.506	-59.506	-59.506
538	-59.132	-59.132	179.43	179.43	-320.67	-59.132	-59.132	-59.132	-59.132	-59.132	-59.132
539	-58.759	-58.759	178.47	178.47	-318.88	-58.759	-58.759	-58.759	-58.759	-58.759	-58.759
540	-58.387	-58.387	177.51	177.51	-317.09	-58.387	-58.387	-58.387	-58.387	-58.387	-58.387
541	-58.015	-58.015	176.56	176.56	-315.31	-58.015	-58.015	-58.015	-58.015	-58.015	-58.015
542	-57.645	-57.645	175.61	175.61	-313.54	-57.645	-57.645	-57.645	-57.645	-57.645	-57.645
543	-57.276	-57.276	174.67	174.67	-311.78	-57.276	-57.276	-57.276	-57.276	-57.276	-57.276
544	-56.908	-56.908	173.72	173.72	-310.02	-56.908	-56.908	-56.908	-56.908	-56.908	-56.908
545	-56.54	-56.54	172.78	172.78	-308.26	-56.54	-56.54	-56.54	-56.54	-56.54	-56.54
546	-56.173	-56.173	171.84	171.84	-306.51	-56.173	-56.173	-56.173	-56.173	-56.173	-56.173
547	-55.807	-55.807	170.91	170.91	-304.77	-55.807	-55.807	-55.807	-55.807	-55.807	-55.807
548	-55.443	-55.443	169.98	169.98	-303.03	-55.443	-55.443	-55.443	-55.443	-55.443	-55.443
549	-55.078	-55.078	169.04	169.04	-301.3	-55.078	-55.078	-55.078	-55.078	-55.078	-55.078
550	-54.715	-54.715	168.12	168.12	-299.57	-54.715	-54.715	-54.715	-54.715	-54.715	-54.715
551	-54.352	-54.352	167.19	167.19	-297.85	-54.352	-54.352	-54.352	-54.352	-54.352	-54.352
552	-53.99	-53.99	166.27	166.27	-296.14	-53.99	-53.99	-53.99	-53.99	-53.99	-53.99
553	-53.629	-53.629	165.35	165.35	-294.43	-53.629	-53.629	-53.629	-53.629	-53.629	-53.629
554	-53.268	-53.268	164.43	164.43	-292.72	-53.268	-53.268	-53.268	-53.268	-53.268	-53.268
555	-52.908	-52.908	163.52	163.52	-291.02	-52.908	-52.908	-52.908	-52.908	-52.908	-52.908
556	-52.548	-52.548	162.6	162.6	-289.32	-52.548	-52.548	-52.548	-52.548	-52.548	-52.548
557	-52.19	-52.19	161.69	161.69	-287.63	-52.19	-52.19	-52.19	-52.19	-52.19	-52.19
558	-51.832	-51.832	160.78	160.78	-285.94	-51.832	-51.832	-51.832	-51.832	-51.832	-51.832
559	-51.474	-51.474	159.88	159.88	-284.26	-51.474	-51.474	-51.474	-51.474	-51.474	-51.474
560	-51.117	-51.117	158.97	158.97	-282.58	-51.117	-51.117	-51.117	-51.117	-51.117	-51.117
561	-50.76	-50.76	158.07	158.07	-280.9	-50.76	-50.76	-50.76	-50.76	-50.76	-50.76
562	-50.405	-50.405	157.17	157.17	-279.23	-50.405	-50.405	-50.405	-50.405	-50.405	-50.405
563	-50.05	-50.05	156.27	156.27	-277.57	-50.05	-50.05	-50.05	-50.05	-50.05	-50.05
564	-49.695	-49.695	155.37	155.37	-275.9	-49.695	-49.695	-49.695	-49.695	-49.695	-49.695
565	-49.34	-49.34	154.48	154.48	-274.24	-49.34	-49.34	-49.34	-49.34	-49.34	-49.34
566	-48.986	-48.986	153.58	153.58	-272.59	-48.986	-48.986	-48.986	-48.986	-48.986	-48.986
567	-48.633	-48.633	152.69	152.69	-270.94	-48.633	-48.633	-48.633	-48.633	-48.633	-48.633
568	-48.28	-48.28	151.8	151.8	-269.29	-48.28	-48.28	-48.28	-48.28	-48.28	-48.28
569	-47.927	-47.927	150.91	150.91	-267.64	-47.927	-47.927	-47.927	-47.927	-47.927	-47.927
570	-47.575	-47.575	150.03	150.03	-266	-47.575	-47.575	-47.575	-47.575	-47.575	-47.575
571	-47.223	-47.223	149.14	149.14	-264.36	-47.223	-47.223	-47.223	-47.223	-47.223	-47.223
572	-46.871	-46.871	148.26	148.26	-262.73	-46.871	-46.871	-46.871	-46.871	-46.871	-46.871
573	-46.52	-46.52	147.38	147.38	-261.1	-46.52	-46.52	-46.52	-46.52	-46.52	-46.52
574	-46.169	-46.169	146.5	146.5	-259.47	-46.169	-46.169	-46.169	-46.169	-46.169	-46.169
575	-45.817	-45.817	145.62	145.62	-257.84	-45.817	-45.817	-45.817	-45.817	-45.817	-45.817
576	-45.466	-45.466	144.74	144.74	-256.22	-45.466	-45.466	-45.466	-45.466	-45.466	-45.466
577	-45.116	-45.116	143.86	143.86	-254.59	-45.116	-45.116	-45.116	-45.116	-45.116	-45.116
578	-44.766	-44.766	142.98	142.98	-252.98	-44.766	-44.766	-44.766	-44.766	-44.766	-44.766
579	-44.415	-44.415	142.11	142.11	-251.36	-44.415	-44.415	-44.415	-44.415	-44.415	-44.415
580	-44.065	-44.065	141.23	141.23	-249.74	-44.065	-44.065	-44.065	-44.065	-44.065	-44.065
581	-43.715	-43.715	140.36	140.36	-248.13	-43.715	-43.715	-43.715	-43.715	-43.715	-43.715
582	-43.365	-43.365	139.49	139.49	-246.52	-43.365	-43.365	-43.365	-43.365	-43.365	-43.365
583	-43.015	-43.015	138.62	138.62	-244.91	-43.015	-43.015	-43.015	-43.015	-43.015	-43.015
584	-42.665	-42.665	137.75	137.75	-243.31	-42.665	-42.665	-42.665	-42.665	-42.665	-42.665
585	-42.315	-42.315	136.88	136.88	-241.7	-42.315	-42.315	-42.315	-42.315	-42.315	-42.315
586	-41.965	-41.965	136.01	136.01	-240.1	-41.965	-41.965	-41.965	-41.965	-41.965	-41.965
587	-41.615	-41.615	135.14	135.14	-238.5	-41.615	-41.615	-41.615	-41.615	-41.615	-41.615
588	-41.265	-41.265	134.27	134.27	-236.9	-41.265	-41.265	-41.265	-41.265	-41.265	-41.265
589	-40.915	-40.915	133.41	133.41	-235.3	-40.915	-40.915	-40.915	-40.915	-40.915	-40.915
590	-40.565	-40.565	132.54	132.54	-233.71	-40.565	-40.565	-40.565	-40.565	-40.565	-40.565
591	-40.214	-40.214	131.67	131.67	-232.11	-40.214	-40.214	-40.214	-40.214	-40.214	-40.214
592	-39.864	-39.864	130.81	130.81	-230.52	-39.864	-39.864	-39.864	-39.864	-39.864	-39.864
593	-39.514	-39.514	129.94	129.94	-228.92	-39.514	-39.514	-39.514	-39.514	-39.514	-39.514
594	-39.163	-39.163	129.08	129.08	-227.33	-39.163	-39.163	-39.163	-39.163	-39.163	-39.163
595	-38.812	-38.812	128.21	128.21	-225.74	-38.812	-38.812	-38.812	-38.812	-38.812	-38.812
596	-38.461	-38.461	127.35	127.35	-224.15	-38.461	-38.461	-38.461	-38.461	-38.461	-38.461
597	-38.11	-38.11	126.48	126.48	-222.55	-38.11	-38.11	-38.11	-38.11	-38.11	-38.11
598	-37.758	-37.758	125.62	125.62	-220.96	-37.758	-37.758	-37.758	-37.758	-37.758	-37.758
599	-37.406	-37.406	124.75	124.75	-219.37	-37.406	-37.406	-37.406	-37.406	-37.406	-37.406
600	-37.054	-37.054	123.89	123.89	-217.78	-37.054	-37.054	-37.054	-37.054	-37.054	-37.054
601	-36.7	-36.7	123.02	123.02	-216.19	-36.7	-36.7	-36.7	-36.7	-36.7	-36.7
602	-36.348	-36.348	122.16	122.16	-214.6	-36.348	-36.348	-36.348	-36.348	-36.348	-36.348
603	-35.994	-35.994	121.29	121.29	-213.01	-35.994	-35.994	-35.994	-35.994	-35.994	-35.994
604	-35.64	-35.64	120.43	120.43	-211.42	-35.64	-35.64	-35.64	-35.64	-35.64	-35.64
605	-35.285	-35.285	119.56	119.56	-209.83	-35.285	-35.285	-35.285	-35.285	-35.285	-35.285
606	-34.929	-34.929	118.69	118.69	-208.23	-34.929	-34.929	-34.929	-34.929	-34.929	-34.929
607	-34.574	-34.574	117.83	117.83	-206.64	-34.574	-34.574	-34.574	-34.574	-34.574	-34.574
608	-34.217	-34.217	116.96	116.96	-205.05	-34.217	-34.217	-34.217	-34.217	-34.217	-34.217
609	-33.86	-33.86	116.09	116.09	-203.45	-33.86	-33.86	-33.86	-33.86	-33.86	-33.86
610	-33.501	-33.501	115.22	115.22	-201.86	-33.501	-33.501	-33.501	-33.501	-33.501	-33.501
611	-33.142	-33.142	114.35	114.35	-200.26	-33.142	-33.142	-33.142	-33.142	-33.142	-33.142
612	-32.783	-32.783	113.48	113.48	-198.66	-32.783	-32.783	-32.783	-32.783	-32.783	-32.783
613	-32.422	-32.422	112.61	112.61	-197.06	-32.422	-32.422	-32.422	-32.422	-32.422	-32.422
614	-32.061	-32.061	111.73	111.73	-195.45	-32.061	-32.061	-32.061	-32.061	-32.061	-32.061
615	-31.698	-31.698	110.86	110.86	-193.85	-31.698	-31.698	-31.698	-31.698	-31.698	-31.698
616	-31.335	-31.335	109.98	109.98	-192.24	-31.335	-31.335	-31.335	-31.335	-31.335	-31.335
617	-30.97	-30.97	109.1	109.1	-190.63	-30.97	-30.97	-30.97	-30.97	-30.97	-30.97
618	-30.605	-30.605	108.22	108.22	-189.02	-30.605	-30.605	-30.605	-30.605	-30.605	-30.605
619	-30.238	-30.238	107.34	107.34	-187.41	-30.238	-30.238	-30.238	-30.238	-30.238	-30.238
620	-29.87	-29.87	106.46	106.46	-185.79	-29.87	-29.87	-29.87	-29.87	-29.87	-29.87
621	-29.501	-29.501	105.57	105.57	-184.17	-29.501	-29.501	-29.501	-29.501	-29.501	-29.501
622	-29.13	-29.13	104.68	104.68	-182.55	-29.13	-29.13	-29.13	-29.13	-29.13	-29.13
623	-28.758	-28.758	103.8	103.8	-180.92	-28.758	-28.758	-28.758	-28.758	-28.758	-28.758
624	-28.385	-28.385	102.9	102.9	-179.29	-28.385	-28.385	-28.385	-28.385	-28.385	-28.385
625	-28.01	-28.01	102.01	102.01	-177.65	-28.01	-28.01	-28.01	-28.01	-28.01	-28.01
626	-27.633	-27.633	101.11	101.11	-176.01	-27.633	-27.633	-27.633	-27.633	-27.633	-27.633
627	-27.255	-27.255	100.22	100.22	-174.37	-27.255	-27.255	-27.255	-27.255	-27.255	-27.255
628	-26.875	-26.875	99.314	99.314	-172.72	-26.875	-26.875	-26.875	-26.875	-26.875	-26.875
629	-26.494	-26.494	98.409	98.409	-171.07	-26.494	-26.494	-26.494	-26.494	-26.494	-26.494
630	-26.11	-26.11	97.502	97.502	-169.41	-26.11	-26.11	-26.11	-26.11	-26.11	-26.11
631	-25.725	-25.725	96.591	96.591	-167.75	-25.725	-25.725	-25.725	-25.725	-25.725	-25.725
632	-25.337	-25.337	95.677	95.677	-166.08	-25.337	-25.337	-25.337	-25.337	-25.337	-25.337
633	-24.948	-24.948	94.76	94.76	-164.41	-24.948	-24.948	-24.948	-24.948	-24.948	-24.948
634	-24.556	-24.556	93.839	93.839	-162.73	-24.556	-24.556	-24.556	-24.556	-24.556	-24.556
635	-24.162	-24.162	92.914	92.914	-161.04	-24.162	-24.162	-24.162	-24.162	-24.162	-24.162
636	-23.766	-23.766	91.986	91.986	-159.35	-23.766	-23.766	-23.766	-23.766	-23.766	-23.766
637	-23.367	-23.367	91.053	91.053	-157.65	-23.367	-23.367	-23.367	-23.367	-23.367	-23.367
638	-22.966	-22.966	90.116	90.116	-155.94	-22.966	-22.966	-22.966	-22.966	-22.966	-22.966
639	-22.563	-22.563	89.174	89.174	-154.23	-22.563	-22.563	-22.563	-22.563	-22.563	-22.563
640	-22.156	-22.156	88.228	88.228	-152.5	-22.156	-22.156	-22.156	-22.156	-22.156	-22.156
641	-21.746	-21.746	87.276	87.276	-150.77	-21.746	-21.746	-21.746	-21.746	-21.746	-21.746
642	-21.334	-21.334	86.319	86.319	-149.03	-21.334	-21.334	-21.334	-21.334	-21.334	-21.334
643	-20.918	-20.918	85.357	85.357	-147.28	-20.918	-20.918	-20.918	-20.918	-20.918	-20.918
644	-20.499	-20.499	84.389	84.389	-145.52	-20.499	-20.499	-20.499	-20.499	-20.499	-20.499
645	-20.076	-20.076	83.415	83.415	-143.75	-20.076	-20.076	-20.076	-20.076	-20.076	-20.076
646	-19.65	-19.65	82.435	82.435	-141.97	-19.65	-19.65	-19.65	-19.65	-19.65	-19.65
647	-19.22	-19.22	81.449	81.449	-140.18	-19.22	-19.22	-19.22	-19.22	-19.22	-19.22
648	-18.787	-18.787	80.455	80.455	-138.38	-18.787	-18.787	-18.787	-18.787	-18.787	-18.787
649	-18.349	-18.349	79.454	79.454	-136.56	-18.349	-18.349	-18.349	-18.349	-18.349	-18.349
650	-17.906	-17.906	78.446	78.446	-134.74	-17.906	-17.906	-17.906	-17.906	-17.906	-17.906
651	-17.459	-17.459	77.43	77.43	-132.89	-17.459	-17.459	-17.459	-17.459	-17.459	-17.459
652	-17.008	-17.008	76.405	76.405	-131.04	-17.008	-17.008	-17.008	-17.008	-17.008	-17.008
653	-16.552	-16.552	75.372	75.372	-129.17	-16.552	-16.552	-16.552	-16.552	-16.552	-16.552
654	-16.09	-16.09	74.33	74.33	-127.28	-16.09	-16.09	-16.09	-16.09	-16.09	-16.09
655	-15.623	-15.623	73.278	73.278	-125.38	-15.623	-15.623	-15.623	-15.623	-15.623	-15.623
656	-15.15	-15.15	72.216	72.216	-123.47	-15.15	-15.15	-15.15	-15.15	-15.15	-15.15
657	-14.67	-14.67	71.143	71.143	-121.53	-14.67	-14.67	-14.67	-14.67	-14.67	-14.67
658	-14.184	-14.184	70.059	70.059	-119.57	-14.184	-14.184	-14.184	-14.184	-14.184	-14.184
659	-13.692	-13.692	68.963	68.963	-117.6	-13.692	-13.692	-13.692	-13.692	-13.692	-13.692
660	-13.192	-13.192	67.854	67.854	-115.6	-13.192	-13.192	-13.192	-13.192	-13.192	-13.192
661	-12.684	-12.684	66.732	66.732	-113.59	-12.684	-12.684	-12.684	-12.684	-12.684	-12.684
662	-12.168	-12.168	65.596	65.596	-111.54	-12.168	-12.168	-12.168	-12.168	-12.168	-12.168
663	-11.643	-11.643	64.444	64.444	-109.48	-11.643	-11.643	-11.643	-11.643	-11.643	-11.643
664	-11.109	-11.109	63.277	63.277	-107.39	-11.109	-11.109	-11.109	-11.109	-11.109	-11.109
665	-10.564	-10.564	62.093	62.093	-105.27	-10.564	-10.564	-10.564	-10.564	-10.564	-10.564
666	-10.009	-10.009	60.89	60.89	-103.12	-10.009	-10.009	-10.009	-10.009	-10.009	-10.009
667	-9.4419	-9.4419	59.668	59.668	-100.94	-9.4419	-9.4419	-9.4419	-9.4419	-9.4419	-9.4419
668	-8.8623	-8.8623	58.425	58.425	-98.722	-8.8623	-8.8623	-8.8623	-8.8623	-8.8623	-8.8623
669	-8.2688	-8.2688	57.16	57.16	-96.472	-8.2688	-8.2688	-8.2688	-8.2688	-8.2688	-8.2688
670	-7.6603	-7.6603	55.87	55.87	-94.183	-7.6603	-7.6603	-7.6603	-7.6603	-7.6603	-7.6603
671	-7.0353	-7.0353	54.554	54.554	-91.854	-7.0353	-7.0353	-7.0353	-7.0353	-7.0353	-7.0353
672	-6.3923	-6.3923	53.21	53.21	-89.48	-6.3923	-6.3923	-6.3923	-6.3923	-6.3923	-6.3923
673	-5.7291	-5.7291	51.834	51.834	-87.058	-5.7291	-5.7291	-5.7291	-5.7291	-5.7291	-5.7291
674	-5.0436	-5.0436	50.424	50.424	-84.585	-5.0436	-5.0436	-5.0436	-5.0436	-5.0436	-5.0436
675	-4.3329	-4.3329	48.976	48.976	-82.056	-4.3329	-4.3329	-4.3329	-4.3329	-4.3329	-4.3329
676	-3.5937	-3.5937	47.486	47.486	-79.466	-3.5937	-3.5937	-3.5937	-3.5937	-3.5937	-3.5937
677	-2.8217	-2.8217	45.95	45.95	-76.81	-2.8217	-2.8217	-2.8217	-2.8217	-2.8217	-2.8217
678	-2.0117	-2.0117	44.36	44.36	-74.08	-2.0117	-2.0117	-2.0117	-2.0117	-2.0117	-2.0117
679	-1.157	-1.157	42.711	42.711	-71.271	-1.157	-1.157	-1.157	-1.157	-1.157	-1.157
680	-0.49097	-0.49097	40.99	40.99	-68.374	-0.49097	-0.49097	-0.49097	-0.49097	-0.49097	-0.49097
681	-0.91523	-0.91523	39.188	39.188	-65.378	-0.91523	-0.91523	-0.91523	-0.91523	-0.91523	-0.91523
682	1.1938	1.1938	37.344	37.344	-62.228	1.1938	1.1938	1.1938	1.1938	1.1938	1.1938
683	1.899	1.899	35.416	35.416	-58.924	1.899	1.899	1.899	1.899	1.899	1.899
684	2.6188	2.6188	33.406	33.406	-55.43	2.6188	2.6188	2.6188	2.6188	2.6188	2.6188
685	3.3537	3.3537	31.297	31.297	-51.703	3.3537	3.3537	3.3537	3.3537	3.3537	3.3537
686	4.1042	4.1042	29.071	29.071	-47.69	4.1042	4.1042	4.1042	4.1042	4.1042	4.1042
687	4.8698	4.8698	26.697	26.697	-43.309	4.8698	4.8698	4.8698	4.8698	4.8698	4.8698
688	5.6479	5.6479	24.134	24.134	-38.434	5.6479	5.6479	5.6479	5.6479	5.6479	5.6479
689	6.4305	6.4305	21.313	21.313	-32.846	6.4305	6.4305	6.4305	6.4305	6.4305	6.4305
690	7.1917	7.1917	18.102	18.102	-26.101	7.1917	7.1917	7.1917	7.1917	7.1917	7.1917
691	7.8233	7.8233	14.173	14.173	-16.943	7.8233	7.8233	7.8233	7.8233	7.8233	7.8233
692	6.3051	6.3051	6.4836	6.4836	6.3044	6.3051	6.3051	6.3051	6.3051	6.3051	6.3051
