;LAP Intertank Orifice Flow Velocities (ft/s)
#I=0,694,1; C:\0_afc_work\First_Stage_Innertand_Launch_Reentry_Venting_Analysis_using_VISSIM\VISSIM\First_Stage_Innertank_Launch_Reentry_Venting_Analysis_c1d3a1_lin.vsm C:\0_afc_work\First_Stage_Innertand_Launch_Reentry_Venting_Analysis_using_VISSIM\VISSIM\First_Stage_Innertank_Launch_Reentry_Venting_Analysis_c1d3a1_lin.vsm @ Sun Oct 28 12:15:54 2018
0	1095.5	1095.5	-21.439	1095.5	1095.5	1095.5	1095.5	1095.5	1095.5	1095.5	1095.5
1	1095.4	1095.4	-7.2385	1095.4	1095.4	1095.4	1095.4	1095.4	1095.4	1095.4	1095.4
2	1095.3	1095.3	-7.255	1095.3	1095.3	1095.3	1095.3	1095.3	1095.3	1095.3	1095.3
3	1095.2	1095.2	-7.2715	1095.2	1095.2	1095.2	1095.2	1095.2	1095.2	1095.2	1095.2
4	1095.1	1095.1	-7.2879	1095.1	1095.1	1095.1	1095.1	1095.1	1095.1	1095.1	1095.1
5	1095.1	1095.1	-7.3044	1095.1	1095.1	1095.1	1095.1	1095.1	1095.1	1095.1	1095.1
6	1095	1095	-7.3209	1095	1095	1095	1095	1095	1095	1095	1095
7	1094.9	1094.9	-7.3374	1094.9	1094.9	1094.9	1094.9	1094.9	1094.9	1094.9	1094.9
8	1094.8	1094.8	-7.3539	1094.8	1094.8	1094.8	1094.8	1094.8	1094.8	1094.8	1094.8
9	1094.7	1094.7	-7.3705	1094.7	1094.7	1094.7	1094.7	1094.7	1094.7	1094.7	1094.7
10	1094.6	1094.6	-7.387	1094.6	1094.6	1094.6	1094.6	1094.6	1094.6	1094.6	1094.6
11	1094.3	1094.3	-7.4036	1094.3	1094.3	1094.3	1094.3	1094.3	1094.3	1094.3	1094.3
12	1094.1	1094.1	-7.4201	1094.1	1094.1	1094.1	1094.1	1094.1	1094.1	1094.1	1094.1
13	1093.8	1093.8	-7.4367	1093.8	1093.8	1093.8	1093.8	1093.8	1093.8	1093.8	1093.8
14	1093.5	1093.5	-7.4533	1093.5	1093.5	1093.5	1093.5	1093.5	1093.5	1093.5	1093.5
15	1093.2	1093.2	-7.4699	1093.2	1093.2	1093.2	1093.2	1093.2	1093.2	1093.2	1093.2
16	1093	1093	-7.4865	1093	1093	1093	1093	1093	1093	1093	1093
17	1092.7	1092.7	-7.5031	1092.7	1092.7	1092.7	1092.7	1092.7	1092.7	1092.7	1092.7
18	1092.4	1092.4	-7.5197	1092.4	1092.4	1092.4	1092.4	1092.4	1092.4	1092.4	1092.4
19	1092.1	1092.1	-7.5363	1092.1	1092.1	1092.1	1092.1	1092.1	1092.1	1092.1	1092.1
20	1091.9	1091.9	-7.553	1091.9	1091.9	1091.9	1091.9	1091.9	1091.9	1091.9	1091.9
21	1091.6	1091.6	-29.611	1091.6	1091.6	1091.6	1091.6	1091.6	1091.6	1091.6	1091.6
22	1091.4	1091.4	-29.768	1091.4	1091.4	1091.4	1091.4	1091.4	1091.4	1091.4	1091.4
23	1091.2	1091.2	-29.929	1091.2	1091.2	1091.2	1091.2	1091.2	1091.2	1091.2	1091.2
24	1090.9	1090.9	-30.095	1090.9	1090.9	1090.9	1090.9	1090.9	1090.9	1090.9	1090.9
25	1090.7	1090.7	-30.264	1090.7	1090.7	1090.7	1090.7	1090.7	1090.7	1090.7	1090.7
26	1090.5	1090.5	-30.438	1090.5	1090.5	1090.5	1090.5	1090.5	1090.5	1090.5	1090.5
27	1090.2	1090.2	-30.616	1090.2	1090.2	1090.2	1090.2	1090.2	1090.2	1090.2	1090.2
28	1090	1090	-30.798	1090	1090	1090	1090	1090	1090	1090	1090
29	1089.8	1089.8	-30.984	1089.8	1089.8	1089.8	1089.8	1089.8	1089.8	1089.8	1089.8
30	1089.5	1089.5	-31.175	1089.5	1089.5	1089.5	1089.5	1089.5	1089.5	1089.5	1089.5
31	1089.5	1089.5	-31.451	1089.5	1089.5	1089.5	1089.5	1089.5	1089.5	1089.5	1089.5
32	1089.5	1089.5	-31.664	1089.5	1089.5	1089.5	1089.5	1089.5	1089.5	1089.5	1089.5
33	1089.5	1089.5	-31.883	1089.5	1089.5	1089.5	1089.5	1089.5	1089.5	1089.5	1089.5
34	1089.5	1089.5	-32.108	1089.5	1089.5	1089.5	1089.5	1089.5	1089.5	1089.5	1089.5
35	1089.5	1089.5	-32.338	1089.5	1089.5	1089.5	1089.5	1089.5	1089.5	1089.5	1089.5
36	1089.5	1089.5	-32.574	1089.5	1089.5	1089.5	1089.5	1089.5	1089.5	1089.5	1089.5
37	1089.5	1089.5	-32.815	1089.5	1089.5	1089.5	1089.5	1089.5	1089.5	1089.5	1089.5
38	1089.5	1089.5	-33.062	1089.5	1089.5	1089.5	1089.5	1089.5	1089.5	1089.5	1089.5
39	1089.5	1089.5	-33.314	1089.5	1089.5	1089.5	1089.5	1089.5	1089.5	1089.5	1089.5
40	1089.5	1089.5	-33.573	1089.5	1089.5	1089.5	1089.5	1089.5	1089.5	1089.5	1089.5
41	1090.2	1090.2	-34.049	1090.2	1090.2	1090.2	1090.2	1090.2	1090.2	1090.2	1090.2
42	1090.8	1090.8	-34.346	1090.8	1090.8	1090.8	1090.8	1090.8	1090.8	1090.8	1090.8
43	1091.5	1091.5	-34.651	1091.5	1091.5	1091.5	1091.5	1091.5	1091.5	1091.5	1091.5
44	1092.1	1092.1	-34.963	1092.1	1092.1	1092.1	1092.1	1092.1	1092.1	1092.1	1092.1
45	1092.7	1092.7	-35.283	1092.7	1092.7	1092.7	1092.7	1092.7	1092.7	1092.7	1092.7
46	1093.4	1093.4	-35.61	1093.4	1093.4	1093.4	1093.4	1093.4	1093.4	1093.4	1093.4
47	1094	1094	-35.946	1094	1094	1094	1094	1094	1094	1094	1094
48	1094.7	1094.7	-36.289	1094.7	1094.7	1094.7	1094.7	1094.7	1094.7	1094.7	1094.7
49	1095.3	1095.3	-36.641	1095.3	1095.3	1095.3	1095.3	1095.3	1095.3	1095.3	1095.3
50	1095.9	1095.9	-37.002	1095.9	1095.9	1095.9	1095.9	1095.9	1095.9	1095.9	1095.9
51	1097.6	1097.6	-34.602	1097.6	1097.6	1097.6	1097.6	1097.6	1097.6	1097.6	1097.6
52	1099.2	1099.2	-34.706	1099.2	1099.2	1099.2	1099.2	1099.2	1099.2	1099.2	1099.2
53	1100.9	1100.9	-34.808	1100.9	1100.9	1100.9	1100.9	1100.9	1100.9	1100.9	1100.9
54	1102.5	1102.5	-59.606	1102.5	1102.5	1102.5	1102.5	1102.5	1102.5	1102.5	1102.5
55	1104.1	1104.1	-60.033	1104.1	1104.1	1104.1	1104.1	1104.1	1104.1	1104.1	1104.1
56	1105.8	1105.8	-60.441	1105.8	1105.8	1105.8	1105.8	1105.8	1105.8	1105.8	1105.8
57	1107.4	1107.4	-68.708	1107.4	1107.4	1107.4	1107.4	1107.4	1107.4	1107.4	1107.4
58	1109.1	1109.1	-69.18	1109.1	1109.1	1109.1	1109.1	1109.1	1109.1	1109.1	1109.1
59	1110.7	1110.7	-69.638	1110.7	1110.7	1110.7	1110.7	1110.7	1110.7	1110.7	1110.7
60	1112.3	1112.3	-70.095	1112.3	1112.3	1112.3	1112.3	1112.3	1112.3	1112.3	1112.3
61	1115.7	1115.7	-71.266	1115.7	1115.7	1115.7	1115.7	1115.7	1115.7	1115.7	1115.2
62	1119	1119	-71.801	1119	1119	1119	1119	1119	1119	1119	1118.1
63	1122.3	1122.3	-72.337	1122.3	1122.3	1122.3	1122.3	1122.3	1122.3	1122.3	1121
64	1125.6	1125.6	-72.876	1125.6	1125.6	1125.6	1125.6	1125.6	1125.6	1125.6	1123.9
65	1128.9	1128.9	-73.417	1128.9	1128.9	1128.9	1128.9	1128.9	1128.9	1128.9	1126.7
66	1132.2	1132.2	-73.962	1132.2	1132.2	1132.2	1132.2	1132.2	1132.2	1132.2	1129.6
67	1135.5	1135.5	-74.51	1135.5	1135.5	1135.5	1135.5	1135.5	1135.5	1135.5	1132.5
68	1138.8	1138.8	-90.722	1138.8	1138.8	1138.8	1138.8	1138.8	1138.8	1138.8	1135.3
69	1142	1142	-91.718	1142	1142	1142	1142	1142	1142	1142	1138.1
70	1145.3	1145.3	-92.605	1145.3	1145.3	1145.3	1145.3	1145.3	1145.3	1145.3	1141
71	1153.3	1153.3	-92.719	1153.3	1153.3	1153.3	1153.3	1153.3	1153.3	1153.3	1147.1
72	1161.2	1161.2	-93.515	1161.2	1161.2	1161.2	1161.2	1161.2	1161.2	1161.2	1153.1
73	1169	1169	-94.321	1169	1169	1169	1169	1169	1169	1169	1159.2
74	1176.8	1176.8	-95.078	1176.8	1176.8	1176.8	1176.8	1176.8	1176.8	1176.8	1165.2
75	1184.5	1184.5	-95.124	1184.5	1184.5	1184.5	1184.5	1184.5	1184.5	1184.5	1171.1
76	1193.8	1193.8	-108.86	1193.8	1193.8	1193.8	1193.8	1193.8	1193.8	1193.8	1178.7
77	1203	1203	-108.88	1203	1203	1203	1203	1203	1203	1203	1186.2
78	1212.2	1212.2	-108.61	1212.2	1212.2	1212.2	1212.2	1212.2	1212.2	1212.2	1193.7
79	1221.2	1221.2	-108.32	1221.2	1221.2	1221.2	1221.2	1221.2	1221.2	1221.2	1201.1
80	1230.2	1230.2	-107.99	1230.2	1230.2	1230.2	1230.2	1230.2	1230.2	1230.2	1208.5
81	1241.2	1241.2	-107.21	1241.2	1241.2	1241.2	1241.2	1241.2	1241.2	1241.2	1217.5
82	1252	1252	-106.78	1252	1252	1252	1252	1252	1252	1252	1226.5
83	1262.7	1262.7	-106.32	1262.7	1262.7	1262.7	1262.7	1262.7	1262.7	1262.7	1235.4
84	1273.3	1273.3	-105.83	1273.3	1273.3	1273.3	1273.3	1273.3	1273.3	1273.3	1244.2
85	1283.8	1283.8	-105.32	1283.8	1283.8	1283.8	1283.8	1283.8	1283.8	1283.8	1253
86	1296.6	1296.6	-108.87	1296.6	1296.6	1296.6	1296.6	1296.6	1296.6	1296.6	1262.9
87	1309.2	1309.2	-108.75	1309.2	1309.2	1309.2	1309.2	1309.2	1309.2	1309.2	1272.7
88	1321.8	1321.8	-141.87	1321.8	1321.8	1321.8	1321.8	1321.8	1321.8	1321.8	1282.4
89	1334.2	1334.2	-143.11	1334.2	1334.2	1334.2	1334.2	1334.2	1334.2	1334.2	1292.1
90	1346.5	1346.5	-142.96	1346.5	1346.5	1346.5	1346.5	1346.5	1346.5	1346.5	1301.7
91	1361.7	1361.7	-144.85	1361.7	1361.7	1361.7	1361.7	1361.7	1361.7	1361.7	1310.7
92	1376.7	1376.7	-144.92	1376.7	1376.7	1376.7	1376.7	1376.7	1376.7	1376.7	1319.7
93	1391.6	1391.6	-144.86	1391.6	1391.6	1391.6	1391.6	1391.6	1391.6	1391.6	1328.6
94	1406.3	1406.3	-144.78	1406.3	1406.3	1406.3	1406.3	1406.3	1406.3	1406.3	1337.5
95	1420.8	1420.8	-144.68	1420.8	1420.8	1420.8	1420.8	1420.8	1420.8	1420.8	1346.3
96	1543.1	1543.1	-3.2886	1543.1	1543.1	1543.1	1543.1	1543.1	1543.1	1543.1	1371.9
97	1656.4	1656.4	-1.1049	1656.4	1656.4	1656.4	1656.4	1656.4	1656.4	1656.4	1397.1
98	1762.4	1762.4	0.27834	1762.4	1762.4	1762.4	1762.4	1762.4	1762.4	1762.4	1421.8
99	1862.4	1862.4	0.92241	1862.4	1862.4	1862.4	1862.4	1862.4	1862.4	1862.4	1446.1
100	1957.3	1957.3	1.2004	1957.3	1957.3	1957.3	1957.3	1957.3	1957.3	1957.3	1470
101	1975.1	1975.1	-89.97	1975.1	1975.1	1975.1	1975.1	1975.1	1975.1	1975.1	1472.7
102	1992.6	1992.6	-88.449	1992.6	1992.6	1992.6	1992.6	1992.6	1992.6	1992.6	1475.4
103	2010.1	2010.1	-86.671	2010.1	2010.1	2010.1	2010.1	2010.1	2010.1	2010.1	1478.2
104	2027.4	2027.4	-84.962	2027.4	2027.4	2027.4	2027.4	2027.4	2027.4	2027.4	1480.9
105	2044.5	2044.5	-83.326	2044.5	2044.5	2044.5	2044.5	2044.5	2044.5	2044.5	1483.6
106	2061.4	2061.4	-95.346	2061.4	2061.4	2061.4	2061.4	2061.4	2061.4	2061.4	1485.2
107	2078.2	2078.2	-94.297	2078.2	2078.2	2078.2	2078.2	2078.2	2078.2	2078.2	1486.9
108	2094.8	2094.8	-93.141	2094.8	2094.8	2094.8	2094.8	2094.8	2094.8	2094.8	1488.5
109	2111.3	2111.3	-92.018	2111.3	2111.3	2111.3	2111.3	2111.3	2111.3	2111.3	1490.2
110	2127.7	2127.7	-90.929	2127.7	2127.7	2127.7	2127.7	2127.7	2127.7	2127.7	1491.8
111	2147.5	2147.5	-145.25	2147.5	2147.5	2147.5	2147.5	2147.5	2147.5	2147.5	1492.6
112	2167.1	2167.1	-146.55	2167.1	2167.1	2167.1	2167.1	2167.1	2167.1	2167.1	1493.5
113	2186.6	2186.6	-145.75	2186.6	2186.6	2186.6	2186.6	2186.6	2186.6	2186.6	1494.3
114	2205.8	2205.8	-144.84	2205.8	2205.8	2205.8	2205.8	2205.8	2205.8	2205.8	1495.1
115	2224.9	2224.9	-143.94	2224.9	2224.9	2224.9	2224.9	2224.9	2224.9	2224.9	1496
116	2242.7	2242.7	-147.16	2242.7	2242.7	2242.7	2242.7	2242.7	2242.7	2242.7	1495.6
117	2260.3	2260.3	-146.69	2260.3	2260.3	2260.3	2260.3	2260.3	2260.3	2260.3	1495.2
118	2277.8	2277.8	-146	2277.8	2277.8	2277.8	2277.8	2277.8	2277.8	2277.8	1494.8
119	2295.1	2295.1	-145.13	2295.1	2295.1	2295.1	2295.1	2295.1	2295.1	2295.1	1494.4
120	2312.3	2312.3	-143.68	2312.3	2312.3	2312.3	2312.3	2312.3	2312.3	2312.3	1494
121	2330.8	2330.8	-154.84	2330.8	2330.8	2330.8	2330.8	2330.8	2330.8	2330.8	1490.5
122	2349.2	2349.2	-154.71	2349.2	2349.2	2349.2	2349.2	2349.2	2349.2	2349.2	1487
123	2367.4	2367.4	-153.87	2367.4	2367.4	2367.4	2367.4	2367.4	2367.4	2367.4	1483.5
124	2385.4	2385.4	-153.01	2385.4	2385.4	2385.4	2385.4	2385.4	2385.4	2385.4	1480
125	2403.3	2403.3	-152.17	2403.3	2403.3	2403.3	2403.3	2403.3	2403.3	2403.3	1476.5
126	2410.8	2410.8	-144.29	2410.8	2410.8	2410.8	2410.8	2410.8	2410.8	2410.8	1453.8
127	2418.2	2418.2	-142.79	2418.2	2418.2	2418.2	2418.2	2418.2	2418.2	2418.2	1430.6
128	2425.6	2425.6	-141.69	2425.6	2425.6	2425.6	2425.6	2425.6	2425.6	2425.6	1407.1
129	2432.9	2432.9	-140.64	2432.9	2432.9	2432.9	2432.9	2432.9	2432.9	2432.9	1383.2
130	2437.1	2437.1	-136.22	2437.1	2437.1	2437.1	2437.1	2437.1	2437.1	2437.1	1369.6
131	2428.1	2428.1	-176.29	2428.1	2428.1	2428.1	2428.1	2428.1	2428.1	2428.1	1365.2
132	2374.2	2374.2	-286.48	2374.2	2374.2	2374.2	2374.2	2374.2	2374.2	2374.2	1369.3
133	2319	2319	-361.77	2319	2319	2319	2319	2319	2319	2319	1373.5
134	2262.4	2262.4	-404.59	2262.4	2262.4	2262.4	2262.4	2262.4	2262.4	2262.4	1377.6
135	2204.4	2204.4	-446.61	2204.4	2204.4	2204.4	2204.4	2204.4	2204.4	2204.4	1381.7
136	2212.7	2212.7	371.99	2212.7	2212.7	2212.7	2212.7	2212.7	2212.7	2212.7	1401.2
137	2220.9	2220.9	239.07	2220.9	2220.9	2220.9	2220.9	2220.9	2220.9	2220.9	1420.5
138	2229.1	2229.1	166.52	2229.1	2229.1	2229.1	2229.1	2229.1	2229.1	2229.1	1439.5
139	2237.2	2237.2	118.51	2237.2	2237.2	2237.2	2237.2	2237.2	2237.2	2237.2	1458.2
140	2245.3	2245.3	81.243	2245.3	2245.3	2245.3	2245.3	2245.3	2245.3	2245.3	1476.8
141	3359.5	3359.5	-969.78	3359.5	3359.5	3359.5	3359.5	3359.5	3359.5	3359.5	1872.4
142	3325.7	3325.7	-670.72	3325.7	3325.7	3325.7	3325.7	3325.7	3325.7	3325.7	1855
143	3315	3315	-274.56	3315	3315	3315	3315	3315	3315	3315	1839.6
144	3319.9	3319.9	-128.98	3319.9	3319.9	3319.9	3319.9	3319.9	3319.9	3319.9	1825.6
145	3324.7	3324.7	-128.18	3324.7	3324.7	3324.7	3324.7	3324.7	3324.7	3324.7	1811.4
146	3329.6	3329.6	-128.15	3329.6	3329.6	3329.6	3329.6	3329.6	3329.6	3329.6	1797.2
147	3334.4	3334.4	-128.25	3334.4	3334.4	3334.4	3334.4	3334.4	3334.4	3334.4	1782.8
148	3339.3	3339.3	-128.4	3339.3	3339.3	3339.3	3339.3	3339.3	3339.3	3339.3	1768.3
149	3344.1	3344.1	-128.46	3344.1	3344.1	3344.1	3344.1	3344.1	3344.1	3344.1	1753.7
150	3348.9	3348.9	-129.14	3348.9	3348.9	3348.9	3348.9	3348.9	3348.9	3348.9	1738.9
151	3353.7	3353.7	-130.37	3353.7	3353.7	3353.7	3353.7	3353.7	3353.7	3353.7	1724.1
152	3358.6	3358.6	-131.53	3358.6	3358.6	3358.6	3358.6	3358.6	3358.6	3358.6	1709.1
153	3363.4	3363.4	-132.81	3363.4	3363.4	3363.4	3363.4	3363.4	3363.4	3363.4	1693.9
154	3280.2	3280.2	-159.92	3280.2	3280.2	3280.2	3280.2	3280.2	3280.2	3280.2	1656
155	3054.7	3054.7	-164.55	3054.7	3054.7	3054.7	3054.7	3054.7	3054.7	3054.7	1581.9
156	2811.1	2811.1	-165.91	2811.1	2811.1	2811.1	2811.1	2811.1	2811.1	2811.1	1504.1
157	2544.4	2544.4	-167.32	2544.4	2544.4	2544.4	2544.4	2544.4	2544.4	2544.4	1422
158	2246.1	2246.1	-168.68	2246.1	2246.1	2246.1	2246.1	2246.1	2246.1	2246.1	1334.9
159	1901.7	1901.7	-170.22	1901.7	1901.7	1901.7	1901.7	1901.7	1901.7	1901.7	1241.7
160	1479	1479	-171.85	1479	1479	1479	1479	1479	1479	1479	1141
161	1497.9	1497.9	31.077	1497.9	1497.9	1497.9	1497.9	1497.9	1497.9	1497.9	1141
162	1516.6	1516.6	14.366	1516.6	1516.6	1516.6	1516.6	1516.6	1516.6	1516.6	1141
163	1535	1535	0.57341	1535	1535	1535	1535	1535	1535	1535	1141
164	1553.3	1553.3	-15.009	1553.3	1553.3	1553.3	1553.3	1553.3	1553.3	1553.3	1141
165	1571.3	1571.3	-28.81	1571.3	1571.3	1571.3	1571.3	1571.3	1571.3	1571.3	1141
166	1561.1	1561.1	-415.41	1561.1	1561.1	1561.1	1561.1	1561.1	1561.1	1561.1	1141
167	1550.8	1550.8	-483.5	1550.8	1550.8	1550.8	1550.8	1550.8	1550.8	1550.8	1141
168	1540.5	1540.5	-551.98	1540.5	1540.5	1540.5	1540.5	1540.5	1540.5	1540.5	1141
169	1530	1530	-646.43	1530	1530	1530	1530	1530	1530	1530	1141
170	1519.6	1519.6	-797.56	1519.6	1519.6	1519.6	1519.6	1519.6	1519.6	1519.6	1141
171	1507.1	1507.1	-300.76	1507.1	1507.1	1507.1	1507.1	1507.1	1507.1	1507.1	1141
172	1494.6	1494.6	-169.67	1494.6	1494.6	1494.6	1494.6	1494.6	1494.6	1494.6	1141
173	1481.9	1481.9	-166.2	1481.9	1481.9	1481.9	1481.9	1481.9	1481.9	1481.9	1141
174	1469.2	1469.2	-164.84	1469.2	1469.2	1469.2	1469.2	1469.2	1469.2	1469.2	1141
175	1456.3	1456.3	-163.43	1456.3	1456.3	1456.3	1456.3	1456.3	1456.3	1456.3	1141
176	1443.3	1443.3	-162.08	1443.3	1443.3	1443.3	1443.3	1443.3	1443.3	1443.3	1141
177	1430.2	1430.2	-160.62	1430.2	1430.2	1430.2	1430.2	1430.2	1430.2	1430.2	1141
178	1417	1417	-159.11	1417	1417	1417	1417	1417	1417	1417	1141
179	1403.6	1403.6	-157.63	1403.6	1403.6	1403.6	1403.6	1403.6	1403.6	1403.6	1141
180	1390.1	1390.1	-156.06	1390.1	1390.1	1390.1	1390.1	1390.1	1390.1	1390.1	1141
181	1379	1379	-154.17	1379	1379	1379	1379	1379	1379	1379	1141
182	1367.7	1367.7	-152.38	1367.7	1367.7	1367.7	1367.7	1367.7	1367.7	1367.7	1141
183	1356.3	1356.3	-150.39	1356.3	1356.3	1356.3	1356.3	1356.3	1356.3	1356.3	1141
184	1344.9	1344.9	-148.35	1344.9	1344.9	1344.9	1344.9	1344.9	1344.9	1344.9	1141
185	1333.3	1333.3	-146.36	1333.3	1333.3	1333.3	1333.3	1333.3	1333.3	1333.3	1141
186	1321.7	1321.7	-144.29	1321.7	1321.7	1321.7	1321.7	1321.7	1321.7	1321.7	1141
187	1309.9	1309.9	-142.15	1309.9	1309.9	1309.9	1309.9	1309.9	1309.9	1309.9	1141
188	1298	1298	-140.08	1298	1298	1298	1298	1298	1298	1298	1141
189	1286	1286	-137.93	1286	1286	1286	1286	1286	1286	1286	1141
190	1274	1274	-135.71	1274	1274	1274	1274	1274	1274	1274	1141
191	1266.6	1266.6	-132.29	1266.6	1266.6	1266.6	1266.6	1266.6	1266.6	1266.6	1141
192	1259.3	1259.3	-130.06	1259.3	1259.3	1259.3	1259.3	1259.3	1259.3	1259.3	1141
193	1251.9	1251.9	-127.76	1251.9	1251.9	1251.9	1251.9	1251.9	1251.9	1251.9	1141
194	1244.5	1244.5	-125.51	1244.5	1244.5	1244.5	1244.5	1244.5	1244.5	1244.5	1141
195	1237	1237	-123.19	1237	1237	1237	1237	1237	1237	1237	1141
196	1229.5	1229.5	-120.82	1229.5	1229.5	1229.5	1229.5	1229.5	1229.5	1229.5	1141
197	1221.9	1221.9	-118.48	1221.9	1221.9	1221.9	1221.9	1221.9	1221.9	1221.9	1141
198	1214.3	1214.3	-116.06	1214.3	1214.3	1214.3	1214.3	1214.3	1214.3	1214.3	1141
199	1206.6	1206.6	-113.63	1206.6	1206.6	1206.6	1206.6	1206.6	1206.6	1206.6	1141
200	1198.9	1198.9	-111.2	1198.9	1198.9	1198.9	1198.9	1198.9	1198.9	1198.9	1141
201	1192.8	1192.8	-109.18	1192.8	1192.8	1192.8	1192.8	1192.8	1192.8	1192.8	1140.5
202	1186.7	1186.7	-106.64	1186.7	1186.7	1186.7	1186.7	1186.7	1186.7	1186.7	1140.1
203	1180.5	1180.5	-104.15	1180.5	1180.5	1180.5	1180.5	1180.5	1180.5	1180.5	1139.6
204	1174.3	1174.3	-101.58	1174.3	1174.3	1174.3	1174.3	1174.3	1174.3	1174.3	1139.2
205	1168.1	1168.1	-98.975	1168.1	1168.1	1168.1	1168.1	1168.1	1168.1	1168.1	1138.7
206	1161.8	1161.8	-96.383	1161.8	1161.8	1161.8	1161.8	1161.8	1161.8	1161.8	1138.3
207	1155.5	1155.5	-93.75	1155.5	1155.5	1155.5	1155.5	1155.5	1155.5	1155.5	1137.8
208	1149.2	1149.2	-91.066	1149.2	1149.2	1149.2	1149.2	1149.2	1149.2	1149.2	1137.3
209	1142.8	1142.8	-88.407	1142.8	1142.8	1142.8	1142.8	1142.8	1142.8	1142.8	1136.9
210	1136.4	1136.4	-85.716	1136.4	1136.4	1136.4	1136.4	1136.4	1136.4	1136.4	1136.4
211	1132.4	1132.4	-82.846	1132.4	1132.4	1132.4	1132.4	1132.4	1132.4	1132.4	1132.4
212	1128.4	1128.4	-80.132	1128.4	1128.4	1128.4	1128.4	1128.4	1128.4	1128.4	1128.4
213	1124.3	1124.3	-77.361	1124.3	1124.3	1124.3	1124.3	1124.3	1124.3	1124.3	1124.3
214	1120.2	1120.2	-74.541	1120.2	1120.2	1120.2	1120.2	1120.2	1120.2	1120.2	1120.2
215	1116.1	1116.1	-71.765	1116.1	1116.1	1116.1	1116.1	1116.1	1116.1	1116.1	1116.1
216	1112	1112	-68.936	1112	1112	1112	1112	1112	1112	1112	1112
217	1107.9	1107.9	-66.078	1107.9	1107.9	1107.9	1107.9	1107.9	1107.9	1107.9	1107.9
218	1103.8	1103.8	-63.259	1103.8	1103.8	1103.8	1103.8	1103.8	1103.8	1103.8	1103.8
219	1099.7	1099.7	-60.376	1099.7	1099.7	1099.7	1099.7	1099.7	1099.7	1099.7	1099.7
220	1095.5	1095.5	-62.23	1095.5	1095.5	1095.5	1095.5	1095.5	1095.5	1095.5	1095.5
221	1093.4	1093.4	-58.423	1093.4	1093.4	1093.4	1093.4	1093.4	1093.4	1093.4	1093.4
222	1091.3	1091.3	-55.057	1091.3	1091.3	1091.3	1091.3	1091.3	1091.3	1091.3	1091.3
223	1089.2	1089.2	-51.689	1089.2	1089.2	1089.2	1089.2	1089.2	1089.2	1089.2	1089.2
224	1087.1	1087.1	-48.358	1087.1	1087.1	1087.1	1087.1	1087.1	1087.1	1087.1	1087.1
225	1084.9	1084.9	-45.067	1084.9	1084.9	1084.9	1084.9	1084.9	1084.9	1084.9	1084.9
226	1082.8	1082.8	-41.76	1082.8	1082.8	1082.8	1082.8	1082.8	1082.8	1082.8	1082.8
227	1080.7	1080.7	-38.51	1080.7	1080.7	1080.7	1080.7	1080.7	1080.7	1080.7	1080.7
228	1078.5	1078.5	-35.247	1078.5	1078.5	1078.5	1078.5	1078.5	1078.5	1078.5	1078.5
229	1076.4	1076.4	-32.006	1076.4	1076.4	1076.4	1076.4	1076.4	1076.4	1076.4	1076.4
230	1074.3	1074.3	-28.804	1074.3	1074.3	1074.3	1074.3	1074.3	1074.3	1074.3	1074.3
231	1073.4	1073.4	-25.531	1073.4	1073.4	1073.4	1073.4	1073.4	1073.4	1073.4	1073.4
232	1072.5	1072.5	-22.325	1072.5	1072.5	1072.5	1072.5	1072.5	1072.5	1072.5	1072.5
233	1071.6	1071.6	-19.159	1071.6	1071.6	1071.6	1071.6	1071.6	1071.6	1071.6	1071.6
234	1070.7	1070.7	-15.972	1070.7	1070.7	1070.7	1070.7	1070.7	1070.7	1070.7	1070.7
235	1069.8	1069.8	-12.793	1069.8	1069.8	1069.8	1069.8	1069.8	1069.8	1069.8	1069.8
236	1068.9	1068.9	-9.6258	1068.9	1068.9	1068.9	1068.9	1068.9	1068.9	1068.9	1068.9
237	1068	1068	-6.4605	1068	1068	1068	1068	1068	1068	1068	1068
238	1067.1	1067.1	-3.311	1067.1	1067.1	1067.1	1067.1	1067.1	1067.1	1067.1	1067.1
239	1066.2	1066.2	-0.44727	1066.2	1066.2	1066.2	1066.2	1066.2	1066.2	1066.2	1066.2
240	1065.3	1065.3	2.1531	1065.3	1065.3	1065.3	1065.3	1065.3	1065.3	1065.3	1065.3
241	1065.6	1065.6	4.0241	1065.6	1065.6	1065.6	1065.6	1065.6	1065.6	1065.6	1065.6
242	1065.9	1065.9	6.2988	1065.9	1065.9	1065.9	1065.9	1065.9	1065.9	1065.9	1065.9
243	1066.3	1066.3	8.5596	1066.3	1066.3	1066.3	1066.3	1066.3	1066.3	1066.3	1066.3
244	1066.6	1066.6	10.835	1066.6	1066.6	1066.6	1066.6	1066.6	1066.6	1066.6	1066.6
245	1067	1067	13.099	1067	1067	1067	1067	1067	1067	1067	1067
246	1067.3	1067.3	15.399	1067.3	1067.3	1067.3	1067.3	1067.3	1067.3	1067.3	1067.3
247	1067.6	1067.6	17.666	1067.6	1067.6	1067.6	1067.6	1067.6	1067.6	1067.6	1067.6
248	1068	1068	19.969	1068	1068	1068	1068	1068	1068	1068	1068
249	1068.3	1068.3	22.253	1068.3	1068.3	1068.3	1068.3	1068.3	1068.3	1068.3	1068.3
250	1068.6	1068.6	24.585	1068.6	1068.6	1068.6	1068.6	1068.6	1068.6	1068.6	1068.6
251	1070.2	1070.2	25.55	1070.2	1070.2	1070.2	1070.2	1070.2	1070.2	1070.2	1070.2
252	1071.8	1071.8	27.893	1071.8	1071.8	1071.8	1071.8	1071.8	1071.8	1071.8	1071.8
253	1073.4	1073.4	30.221	1073.4	1073.4	1073.4	1073.4	1073.4	1073.4	1073.4	1073.4
254	1075	1075	32.62	1075	1075	1075	1075	1075	1075	1075	1075
255	1076.6	1076.6	34.988	1076.6	1076.6	1076.6	1076.6	1076.6	1076.6	1076.6	1076.6
256	1078.1	1078.1	37.375	1078.1	1078.1	1078.1	1078.1	1078.1	1078.1	1078.1	1078.1
257	1079.7	1079.7	39.798	1079.7	1079.7	1079.7	1079.7	1079.7	1079.7	1079.7	1079.7
258	1081.3	1081.3	42.221	1081.3	1081.3	1081.3	1081.3	1081.3	1081.3	1081.3	1081.3
259	1082.9	1082.9	41.003	1082.9	1082.9	1082.9	1082.9	1082.9	1082.9	1082.9	1082.9
260	1084.4	1084.4	43.051	1084.4	1084.4	1084.4	1084.4	1084.4	1084.4	1084.4	1084.4
261	1087.4	1087.4	44.768	1087.4	1087.4	1087.4	1087.4	1087.4	1087.4	1087.4	1087.4
262	1090.3	1090.3	46.787	1090.3	1090.3	1090.3	1090.3	1090.3	1090.3	1090.3	1090.3
263	1093.2	1093.2	48.799	1093.2	1093.2	1093.2	1093.2	1093.2	1093.2	1093.2	1093.2
264	1096.1	1096.1	50.844	1096.1	1096.1	1096.1	1096.1	1096.1	1096.1	1096.1	1096.1
265	1099	1099	52.798	1099	1099	1099	1099	1099	1099	1099	1099
266	1101.8	1101.8	54.787	1101.8	1101.8	1101.8	1101.8	1101.8	1101.8	1101.8	1101.8
267	1104.7	1104.7	56.791	1104.7	1104.7	1104.7	1104.7	1104.7	1104.7	1104.7	1104.7
268	1107.6	1107.6	58.676	1107.6	1107.6	1107.6	1107.6	1107.6	1107.6	1107.6	1107.6
269	1110.4	1110.4	60.639	1110.4	1110.4	1110.4	1110.4	1110.4	1110.4	1110.4	1110.4
270	1113.3	1113.3	62.577	1113.3	1113.3	1113.3	1113.3	1113.3	1113.3	1113.3	1113.3
271	1119	1119	64.778	1119	1119	1119	1119	1119	1119	1119	1116.1
272	1124.8	1124.8	66.669	1124.8	1124.8	1124.8	1124.8	1124.8	1124.8	1124.8	1118.9
273	1130.5	1130.5	68.578	1130.5	1130.5	1130.5	1130.5	1130.5	1130.5	1130.5	1121.7
274	1136.1	1136.1	70.373	1136.1	1136.1	1136.1	1136.1	1136.1	1136.1	1136.1	1124.4
275	1141.8	1141.8	72.209	1141.8	1141.8	1141.8	1141.8	1141.8	1141.8	1141.8	1127.2
276	1147.4	1147.4	74.047	1147.4	1147.4	1147.4	1147.4	1147.4	1147.4	1147.4	1130
277	1153	1153	75.802	1153	1153	1153	1153	1153	1153	1153	1132.7
278	1158.5	1158.5	77.582	1158.5	1158.5	1158.5	1158.5	1158.5	1158.5	1158.5	1135.5
279	1164.1	1164.1	79.363	1164.1	1164.1	1164.1	1164.1	1164.1	1164.1	1164.1	1138.2
280	1169.6	1169.6	81.038	1169.6	1169.6	1169.6	1169.6	1169.6	1169.6	1169.6	1141
281	1176.7	1176.7	82.778	1176.7	1176.7	1176.7	1176.7	1176.7	1176.7	1176.7	1141
282	1183.8	1183.8	84.503	1183.8	1183.8	1183.8	1183.8	1183.8	1183.8	1183.8	1141
283	1190.9	1190.9	86.113	1190.9	1190.9	1190.9	1190.9	1190.9	1190.9	1190.9	1141
284	1197.9	1197.9	87.791	1197.9	1197.9	1197.9	1197.9	1197.9	1197.9	1197.9	1141
285	1204.9	1204.9	89.455	1204.9	1204.9	1204.9	1204.9	1204.9	1204.9	1204.9	1141
286	1211.8	1211.8	91	1211.8	1211.8	1211.8	1211.8	1211.8	1211.8	1211.8	1141
287	1218.7	1218.7	92.615	1218.7	1218.7	1218.7	1218.7	1218.7	1218.7	1218.7	1141
288	1225.6	1225.6	94.218	1225.6	1225.6	1225.6	1225.6	1225.6	1225.6	1225.6	1141
289	1232.4	1232.4	95.696	1232.4	1232.4	1232.4	1232.4	1232.4	1232.4	1232.4	1141
290	1239.2	1239.2	97.245	1239.2	1239.2	1239.2	1239.2	1239.2	1239.2	1239.2	1141
291	1249.2	1249.2	98.947	1249.2	1249.2	1249.2	1249.2	1249.2	1249.2	1249.2	1141
292	1259	1259	100.35	1259	1259	1259	1259	1259	1259	1259	1141
293	1268.8	1268.8	101.84	1268.8	1268.8	1268.8	1268.8	1268.8	1268.8	1268.8	1141
294	1278.5	1278.5	103.31	1278.5	1278.5	1278.5	1278.5	1278.5	1278.5	1278.5	1141
295	1288.1	1288.1	104.67	1288.1	1288.1	1288.1	1288.1	1288.1	1288.1	1288.1	1141
296	1297.7	1297.7	106.05	1297.7	1297.7	1297.7	1297.7	1297.7	1297.7	1297.7	1141
297	1307.2	1307.2	107.46	1307.2	1307.2	1307.2	1307.2	1307.2	1307.2	1307.2	1141
298	1316.6	1316.6	108.52	1316.6	1316.6	1316.6	1316.6	1316.6	1316.6	1316.6	1141
299	1325.9	1325.9	109.61	1325.9	1325.9	1325.9	1325.9	1325.9	1325.9	1325.9	1141
300	1335.2	1335.2	110.76	1335.2	1335.2	1335.2	1335.2	1335.2	1335.2	1335.2	1141
301	1348.2	1348.2	111.55	1348.2	1348.2	1348.2	1348.2	1348.2	1348.2	1348.2	1141
302	1361.1	1361.1	112.55	1361.1	1361.1	1361.1	1361.1	1361.1	1361.1	1361.1	1141
303	1373.8	1373.8	113.62	1373.8	1373.8	1373.8	1373.8	1373.8	1373.8	1373.8	1141
304	1386.4	1386.4	114.5	1386.4	1386.4	1386.4	1386.4	1386.4	1386.4	1386.4	1141
305	1399	1399	115.42	1399	1399	1399	1399	1399	1399	1399	1141
306	1411.4	1411.4	116.39	1411.4	1411.4	1411.4	1411.4	1411.4	1411.4	1411.4	1141
307	1423.7	1423.7	117.2	1423.7	1423.7	1423.7	1423.7	1423.7	1423.7	1423.7	1141
308	1435.9	1435.9	118.04	1435.9	1435.9	1435.9	1435.9	1435.9	1435.9	1435.9	1141
309	1447.9	1447.9	118.93	1447.9	1447.9	1447.9	1447.9	1447.9	1447.9	1447.9	1141
310	1459.9	1459.9	119.65	1459.9	1459.9	1459.9	1459.9	1459.9	1459.9	1459.9	1141
311	1473.7	1473.7	120.63	1473.7	1473.7	1473.7	1473.7	1473.7	1473.7	1473.7	1141
312	1487.3	1487.3	121.43	1487.3	1487.3	1487.3	1487.3	1487.3	1487.3	1487.3	1141
313	1500.8	1500.8	122.08	1500.8	1500.8	1500.8	1500.8	1500.8	1500.8	1500.8	1141
314	1514.1	1514.1	122.78	1514.1	1514.1	1514.1	1514.1	1514.1	1514.1	1514.1	1141
315	1527.4	1527.4	123.5	1527.4	1527.4	1527.4	1527.4	1527.4	1527.4	1527.4	1141
316	1540.5	1540.5	124.07	1540.5	1540.5	1540.5	1540.5	1540.5	1540.5	1540.5	1141
317	1553.5	1553.5	124.69	1553.5	1553.5	1553.5	1553.5	1553.5	1553.5	1553.5	1141
318	1566.4	1566.4	125.34	1566.4	1566.4	1566.4	1566.4	1566.4	1566.4	1566.4	1141
319	1579.2	1579.2	125.83	1579.2	1579.2	1579.2	1579.2	1579.2	1579.2	1579.2	1141
320	1591.9	1591.9	126.39	1591.9	1591.9	1591.9	1591.9	1591.9	1591.9	1591.9	1141
321	1604.8	1604.8	126.77	1604.8	1604.8	1604.8	1604.8	1604.8	1604.8	1604.8	1141
322	1617.5	1617.5	127.18	1617.5	1617.5	1617.5	1617.5	1617.5	1617.5	1617.5	1141
323	1630.2	1630.2	127.67	1630.2	1630.2	1630.2	1630.2	1630.2	1630.2	1630.2	1141
324	1642.7	1642.7	128.16	1642.7	1642.7	1642.7	1642.7	1642.7	1642.7	1642.7	1141
325	1655.2	1655.2	128.51	1655.2	1655.2	1655.2	1655.2	1655.2	1655.2	1655.2	1141
326	1667.6	1667.6	128.89	1667.6	1667.6	1667.6	1667.6	1667.6	1667.6	1667.6	1141
327	1679.8	1679.8	130.13	1679.8	1679.8	1679.8	1679.8	1679.8	1679.8	1679.8	1141
328	1692	1692	131.53	1692	1692	1692	1692	1692	1692	1692	1141
329	1704.1	1704.1	132.96	1704.1	1704.1	1704.1	1704.1	1704.1	1704.1	1704.1	1141
330	1716.1	1716.1	134.48	1716.1	1716.1	1716.1	1716.1	1716.1	1716.1	1716.1	1141
331	1726.8	1726.8	136.7	1726.8	1726.8	1726.8	1726.8	1726.8	1726.8	1726.8	1141
332	1737.5	1737.5	138.87	1737.5	1737.5	1737.5	1737.5	1737.5	1737.5	1737.5	1141
333	1748	1748	141.65	1748	1748	1748	1748	1748	1748	1748	1141
334	1758.5	1758.5	144.28	1758.5	1758.5	1758.5	1758.5	1758.5	1758.5	1758.5	1141
335	1769	1769	147.05	1769	1769	1769	1769	1769	1769	1769	1141
336	1779.4	1779.4	149.91	1779.4	1779.4	1779.4	1779.4	1779.4	1779.4	1779.4	1141
337	1789.7	1789.7	152.65	1789.7	1789.7	1789.7	1789.7	1789.7	1789.7	1789.7	1141
338	1800	1800	155.46	1800	1800	1800	1800	1800	1800	1800	1141
339	1810.2	1810.2	158.4	1810.2	1810.2	1810.2	1810.2	1810.2	1810.2	1810.2	1141
340	1820.3	1820.3	161.15	1820.3	1820.3	1820.3	1820.3	1820.3	1820.3	1820.3	1141
341	1824.3	1824.3	163.85	1824.3	1824.3	1824.3	1824.3	1824.3	1824.3	1824.3	1168.2
342	1828.2	1828.2	166.74	1828.2	1828.2	1828.2	1828.2	1828.2	1828.2	1828.2	1194.8
343	1832.1	1832.1	169.4	1832.1	1832.1	1832.1	1832.1	1832.1	1832.1	1832.1	1220.8
344	1836	1836	172.07	1836	1836	1836	1836	1836	1836	1836	1246.2
345	1839.8	1839.8	174.77	1839.8	1839.8	1839.8	1839.8	1839.8	1839.8	1839.8	1271.2
346	1843.7	1843.7	177.14	1843.7	1843.7	1843.7	1843.7	1843.7	1843.7	1843.7	1295.6
347	1847.6	1847.6	179.43	1847.6	1847.6	1847.6	1847.6	1847.6	1847.6	1847.6	1319.6
348	1851.4	1851.4	180.72	1851.4	1851.4	1851.4	1851.4	1851.4	1851.4	1851.4	1343.2
349	1855.3	1855.3	181.03	1855.3	1855.3	1855.3	1855.3	1855.3	1855.3	1855.3	1366.4
350	1859.1	1859.1	181.32	1859.1	1859.1	1859.1	1859.1	1859.1	1859.1	1859.1	1389.2
351	1855.7	1855.7	181.06	1855.7	1855.7	1855.7	1855.7	1855.7	1855.7	1855.7	1404.2
352	1852.2	1852.2	180.39	1852.2	1852.2	1852.2	1852.2	1852.2	1852.2	1852.2	1419.1
353	1848.7	1848.7	179.06	1848.7	1848.7	1848.7	1848.7	1848.7	1848.7	1848.7	1433.8
354	1845.2	1845.2	177.23	1845.2	1845.2	1845.2	1845.2	1845.2	1845.2	1845.2	1448.3
355	1841.7	1841.7	174.91	1841.7	1841.7	1841.7	1841.7	1841.7	1841.7	1841.7	1462.7
356	1827.8	1827.8	173.07	1827.8	1827.8	1827.8	1827.8	1827.8	1827.8	1827.8	1472
357	1813.7	1813.7	167.31	1813.7	1813.7	1813.7	1813.7	1813.7	1813.7	1813.7	1481.1
358	1799.5	1799.5	162.97	1799.5	1799.5	1799.5	1799.5	1799.5	1799.5	1799.5	1490.3
359	1785.2	1785.2	157.87	1785.2	1785.2	1785.2	1785.2	1785.2	1785.2	1785.2	1499.3
360	1770.8	1770.8	152.32	1770.8	1770.8	1770.8	1770.8	1770.8	1770.8	1770.8	1508.3
361	1740.1	1740.1	147.72	1740.1	1740.1	1740.1	1740.1	1740.1	1740.1	1740.1	1502.3
362	1708.9	1708.9	140.62	1708.9	1708.9	1708.9	1708.9	1708.9	1708.9	1708.9	1496.1
363	1677.1	1677.1	133.22	1677.1	1677.1	1677.1	1677.1	1677.1	1677.1	1677.1	1490
364	1644.7	1644.7	126.17	1644.7	1644.7	1644.7	1644.7	1644.7	1644.7	1644.7	1483.8
365	1611.6	1611.6	119.05	1611.6	1611.6	1611.6	1611.6	1611.6	1611.6	1611.6	1477.7
366	1570.7	1570.7	111.35	1570.7	1570.7	1570.7	1570.7	1570.7	1570.7	1570.7	1452.7
367	1528.7	1528.7	105.04	1528.7	1528.7	1528.7	1528.7	1528.7	1528.7	1528.7	1427.3
368	1485.5	1485.5	98.922	1485.5	1485.5	1485.5	1485.5	1485.5	1485.5	1485.5	1401.5
369	1441.1	1441.1	93.16	1441.1	1441.1	1441.1	1441.1	1441.1	1441.1	1441.1	1375.2
370	1395.2	1395.2	87.76	1395.2	1395.2	1395.2	1395.2	1395.2	1395.2	1395.2	1348.3
371	1361.6	1361.6	89.35	1361.6	1361.6	1361.6	1361.6	1361.6	1361.6	1361.6	1320.1
372	1327.3	1327.3	82.92	1327.3	1327.3	1327.3	1327.3	1327.3	1327.3	1327.3	1291.2
373	1292	1292	77.616	1292	1292	1292	1292	1292	1292	1292	1261.7
374	1255.7	1255.7	72.571	1255.7	1255.7	1255.7	1255.7	1255.7	1255.7	1255.7	1231.5
375	1218.3	1218.3	69.629	1218.3	1218.3	1218.3	1218.3	1218.3	1218.3	1218.3	1200.5
376	1197.5	1197.5	62.227	1197.5	1197.5	1197.5	1197.5	1197.5	1197.5	1197.5	1181
377	1176.2	1176.2	59.016	1176.2	1176.2	1176.2	1176.2	1176.2	1176.2	1176.2	1161.3
378	1154.6	1154.6	56.512	1154.6	1154.6	1154.6	1154.6	1154.6	1154.6	1154.6	1141.1
379	1132.6	1132.6	54.803	1132.6	1132.6	1132.6	1132.6	1132.6	1132.6	1132.6	1120.6
380	1110.1	1110.1	53.499	1110.1	1110.1	1110.1	1110.1	1110.1	1110.1	1110.1	1099.8
381	1099.9	1099.9	46.852	1099.9	1099.9	1099.9	1099.9	1099.9	1099.9	1099.9	1092.4
382	1089.7	1089.7	46.796	1089.7	1089.7	1089.7	1089.7	1089.7	1089.7	1089.7	1085
383	1079.3	1079.3	74.955	1079.3	1079.3	1079.3	1079.3	1079.3	1079.3	1079.3	1077.6
384	1068.8	1068.8	3.731	1068.8	1068.8	1068.8	1068.8	1068.8	1068.8	1068.8	1070.1
385	1058.2	1058.2	20.362	1058.2	1058.2	1058.2	1058.2	1058.2	1058.2	1058.2	1062.5
386	1048.5	1048.5	24.14	1048.5	1048.5	1048.5	1048.5	1048.5	1048.5	1048.5	1052
387	1038.7	1038.7	22.6	1038.7	1038.7	1038.7	1038.7	1038.7	1038.7	1038.7	1041.3
388	1028.8	1028.8	21.116	1028.8	1028.8	1028.8	1028.8	1028.8	1028.8	1028.8	1030.5
389	1018.8	1018.8	19.417	1018.8	1018.8	1018.8	1018.8	1018.8	1018.8	1018.8	1019.6
390	1008.6	1008.6	18.663	1008.6	1008.6	1008.6	1008.6	1008.6	1008.6	1008.6	1008.6
391	1005.9	1005.9	15.984	1005.9	1005.9	1005.9	1005.9	1005.9	1005.9	1005.9	1005.9
392	1003.2	1003.2	15.053	1003.2	1003.2	1003.2	1003.2	1003.2	1003.2	1003.2	1003.2
393	1000.5	1000.5	14.601	1000.5	1000.5	1000.5	1000.5	1000.5	1000.5	1000.5	1000.5
394	997.73	997.73	14.199	997.73	997.73	997.73	997.73	997.73	997.73	997.73	997.73
395	994.99	994.99	13.676	994.99	994.99	994.99	994.99	994.99	994.99	994.99	994.99
396	992.23	992.23	13.356	992.23	992.23	992.23	992.23	992.23	992.23	992.23	992.23
397	989.47	989.47	13.104	989.47	989.47	989.47	989.47	989.47	989.47	989.47	989.47
398	986.7	986.7	12.779	986.7	986.7	986.7	986.7	986.7	986.7	986.7	986.7
399	983.93	983.93	12.545	983.93	983.93	983.93	983.93	983.93	983.93	983.93	983.93
400	981.14	981.14	12.373	981.14	981.14	981.14	981.14	981.14	981.14	981.14	981.14
401	981.48	981.48	12.157	981.48	981.48	981.48	981.48	981.48	981.48	981.48	981.48
402	981.83	981.83	11.98	981.83	981.83	981.83	981.83	981.83	981.83	981.83	981.83
403	982.17	982.17	11.859	982.17	982.17	982.17	982.17	982.17	982.17	982.17	982.17
404	982.52	982.52	11.72	982.52	982.52	982.52	982.52	982.52	982.52	982.52	982.52
405	982.86	982.86	11.558	982.86	982.86	982.86	982.86	982.86	982.86	982.86	982.86
406	983.2	983.2	11.465	983.2	983.2	983.2	983.2	983.2	983.2	983.2	983.2
407	983.55	983.55	11.372	983.55	983.55	983.55	983.55	983.55	983.55	983.55	983.55
408	983.89	983.89	11.241	983.89	983.89	983.89	983.89	983.89	983.89	983.89	983.89
409	984.23	984.23	11.16	984.23	984.23	984.23	984.23	984.23	984.23	984.23	984.23
410	984.57	984.57	11.081	984.57	984.57	984.57	984.57	984.57	984.57	984.57	984.57
411	985.68	985.68	10.97	985.68	985.68	985.68	985.68	985.68	985.68	985.68	985.68
412	986.78	986.78	10.902	986.78	986.78	986.78	986.78	986.78	986.78	986.78	986.78
413	987.87	987.87	10.838	987.87	987.87	987.87	987.87	987.87	987.87	987.87	987.87
414	988.97	988.97	10.742	988.97	988.97	988.97	988.97	988.97	988.97	988.97	988.97
415	990.07	990.07	10.672	990.07	990.07	990.07	990.07	990.07	990.07	990.07	990.07
416	991.16	991.16	10.614	991.16	991.16	991.16	991.16	991.16	991.16	991.16	991.16
417	992.26	992.26	10.543	992.26	992.26	992.26	992.26	992.26	992.26	992.26	992.26
418	993.35	993.35	10.469	993.35	993.35	993.35	993.35	993.35	993.35	993.35	993.35
419	994.44	994.44	10.412	994.44	994.44	994.44	994.44	994.44	994.44	994.44	994.44
420	995.53	995.53	10.346	995.53	995.53	995.53	995.53	995.53	995.53	995.53	995.53
421	996.55	996.55	10.281	996.55	996.55	996.55	996.55	996.55	996.55	996.55	996.55
422	997.56	997.56	10.23	997.56	997.56	997.56	997.56	997.56	997.56	997.56	997.56
423	998.58	998.58	10.169	998.58	998.58	998.58	998.58	998.58	998.58	998.58	998.58
424	999.59	999.59	10.098	999.59	999.59	999.59	999.59	999.59	999.59	999.59	999.59
425	1000.6	1000.6	10.052	1000.6	1000.6	1000.6	1000.6	1000.6	1000.6	1000.6	1000.6
426	1001.6	1001.6	10.006	1001.6	1001.6	1001.6	1001.6	1001.6	1001.6	1001.6	1001.6
427	1002.6	1002.6	9.9265	1002.6	1002.6	1002.6	1002.6	1002.6	1002.6	1002.6	1002.6
428	1003.6	1003.6	9.8802	1003.6	1003.6	1003.6	1003.6	1003.6	1003.6	1003.6	1003.6
429	1004.6	1004.6	9.8345	1004.6	1004.6	1004.6	1004.6	1004.6	1004.6	1004.6	1004.6
430	1005.7	1005.7	9.7718	1005.7	1005.7	1005.7	1005.7	1005.7	1005.7	1005.7	1005.7
431	1006.6	1006.6	9.7208	1006.6	1006.6	1006.6	1006.6	1006.6	1006.6	1006.6	1006.6
432	1007.6	1007.6	9.6744	1007.6	1007.6	1007.6	1007.6	1007.6	1007.6	1007.6	1007.6
433	1008.6	1008.6	9.6132	1008.6	1008.6	1008.6	1008.6	1008.6	1008.6	1008.6	1008.6
434	1009.6	1009.6	9.5669	1009.6	1009.6	1009.6	1009.6	1009.6	1009.6	1009.6	1009.6
435	1010.6	1010.6	9.5245	1010.6	1010.6	1010.6	1010.6	1010.6	1010.6	1010.6	1010.6
436	1011.6	1011.6	9.4637	1011.6	1011.6	1011.6	1011.6	1011.6	1011.6	1011.6	1011.6
437	1012.6	1012.6	9.4115	1012.6	1012.6	1012.6	1012.6	1012.6	1012.6	1012.6	1012.6
438	1013.6	1013.6	9.372	1013.6	1013.6	1013.6	1013.6	1013.6	1013.6	1013.6	1013.6
439	1014.6	1014.6	9.3264	1014.6	1014.6	1014.6	1014.6	1014.6	1014.6	1014.6	1014.6
440	1015.6	1015.6	9.2669	1015.6	1015.6	1015.6	1015.6	1015.6	1015.6	1015.6	1015.6
441	1016.5	1016.5	9.2256	1016.5	1016.5	1016.5	1016.5	1016.5	1016.5	1016.5	1016.5
442	1017.4	1017.4	9.1804	1017.4	1017.4	1017.4	1017.4	1017.4	1017.4	1017.4	1017.4
443	1018.4	1018.4	9.1297	1018.4	1018.4	1018.4	1018.4	1018.4	1018.4	1018.4	1018.4
444	1019.3	1019.3	9.0884	1019.3	1019.3	1019.3	1019.3	1019.3	1019.3	1019.3	1019.3
445	1020.2	1020.2	9.0454	1020.2	1020.2	1020.2	1020.2	1020.2	1020.2	1020.2	1020.2
446	1021.2	1021.2	8.9863	1021.2	1021.2	1021.2	1021.2	1021.2	1021.2	1021.2	1021.2
447	1022.1	1022.1	8.9515	1022.1	1022.1	1022.1	1022.1	1022.1	1022.1	1022.1	1022.1
448	1023	1023	8.9164	1023	1023	1023	1023	1023	1023	1023	1023
449	1024	1024	8.8561	1024	1024	1024	1024	1024	1024	1024	1024
450	1024.9	1024.9	8.8166	1024.9	1024.9	1024.9	1024.9	1024.9	1024.9	1024.9	1024.9
451	1029.7	1029.7	8.7815	1029.7	1029.7	1029.7	1029.7	1029.7	1029.7	1029.7	1029.7
452	1034.5	1034.5	8.7351	1034.5	1034.5	1034.5	1034.5	1034.5	1034.5	1034.5	1034.5
453	1039.2	1039.2	8.6895	1039.2	1039.2	1039.2	1039.2	1039.2	1039.2	1039.2	1039.2
454	1043.9	1043.9	8.6528	1043.9	1043.9	1043.9	1043.9	1043.9	1043.9	1043.9	1043.9
455	1048.7	1048.7	8.6077	1048.7	1048.7	1048.7	1048.7	1048.7	1048.7	1048.7	1048.7
456	1053.4	1053.4	8.5668	1053.4	1053.4	1053.4	1053.4	1053.4	1053.4	1053.4	1053.4
457	1058	1058	8.5321	1058	1058	1058	1058	1058	1058	1058	1058
458	1062.7	1062.7	8.4881	1062.7	1062.7	1062.7	1062.7	1062.7	1062.7	1062.7	1062.7
459	1067.3	1067.3	8.4411	1067.3	1067.3	1067.3	1067.3	1067.3	1067.3	1067.3	1067.3
460	1071.9	1071.9	8.41	1071.9	1071.9	1071.9	1071.9	1071.9	1071.9	1071.9	1071.9
461	1070.8	1070.8	8.3766	1070.8	1070.8	1070.8	1070.8	1070.8	1070.8	1070.8	1070.8
462	1069.7	1069.7	29.318	1069.7	1069.7	1069.7	1069.7	1069.7	1069.7	1069.7	1069.7
463	1068.5	1068.5	22.309	1068.5	1068.5	1068.5	1068.5	1068.5	1068.5	1068.5	1068.5
464	1067.4	1067.4	22.201	1067.4	1067.4	1067.4	1067.4	1067.4	1067.4	1067.4	1067.4
465	1066.3	1066.3	21.114	1066.3	1066.3	1066.3	1066.3	1066.3	1066.3	1066.3	1066.3
466	1066.4	1066.4	19.744	1066.4	1066.4	1066.4	1066.4	1066.4	1066.4	1066.4	1066.4
467	1066.5	1066.5	18.651	1066.5	1066.5	1066.5	1066.5	1066.5	1066.5	1066.5	1066.5
468	1066.7	1066.7	17.667	1066.7	1066.7	1066.7	1066.7	1066.7	1066.7	1066.7	1066.7
469	1066.8	1066.8	16.885	1066.8	1066.8	1066.8	1066.8	1066.8	1066.8	1066.8	1066.8
470	1067	1067	16.328	1067	1067	1067	1067	1067	1067	1067	1067
471	1067.1	1067.1	15.883	1067.1	1067.1	1067.1	1067.1	1067.1	1067.1	1067.1	1067.1
472	1067.2	1067.2	15.458	1067.2	1067.2	1067.2	1067.2	1067.2	1067.2	1067.2	1067.2
473	1067.4	1067.4	15.007	1067.4	1067.4	1067.4	1067.4	1067.4	1067.4	1067.4	1067.4
474	1067.5	1067.5	14.26	1067.5	1067.5	1067.5	1067.5	1067.5	1067.5	1067.5	1067.5
475	1067.6	1067.6	13.554	1067.6	1067.6	1067.6	1067.6	1067.6	1067.6	1067.6	1067.6
476	1068.1	1068.1	12.963	1068.1	1068.1	1068.1	1068.1	1068.1	1068.1	1068.1	1068.1
477	1068.7	1068.7	12.458	1068.7	1068.7	1068.7	1068.7	1068.7	1068.7	1068.7	1068.7
478	1069.2	1069.2	12.086	1069.2	1069.2	1069.2	1069.2	1069.2	1069.2	1069.2	1069.2
479	1069.7	1069.7	11.681	1069.7	1069.7	1069.7	1069.7	1069.7	1069.7	1069.7	1069.7
480	1070.2	1070.2	11.369	1070.2	1070.2	1070.2	1070.2	1070.2	1070.2	1070.2	1070.2
481	1070.7	1070.7	11.105	1070.7	1070.7	1070.7	1070.7	1070.7	1070.7	1070.7	1070.7
482	1071.3	1071.3	10.885	1071.3	1071.3	1071.3	1071.3	1071.3	1071.3	1071.3	1071.3
483	1071.8	1071.8	10.691	1071.8	1071.8	1071.8	1071.8	1071.8	1071.8	1071.8	1071.8
484	1072.3	1072.3	10.463	1072.3	1072.3	1072.3	1072.3	1072.3	1072.3	1072.3	1072.3
485	1072.8	1072.8	10.363	1072.8	1072.8	1072.8	1072.8	1072.8	1072.8	1072.8	1072.8
486	1073.5	1073.5	-48.797	1073.5	1073.5	1073.5	1073.5	1073.5	1073.5	1073.5	1073.5
487	1074.1	1074.1	-50.086	1074.1	1074.1	1074.1	1074.1	1074.1	1074.1	1074.1	1074.1
488	1074.8	1074.8	-51.254	1074.8	1074.8	1074.8	1074.8	1074.8	1074.8	1074.8	1074.8
489	1075.4	1075.4	-52.522	1075.4	1075.4	1075.4	1075.4	1075.4	1075.4	1075.4	1075.4
490	1076.1	1076.1	-53.862	1076.1	1076.1	1076.1	1076.1	1076.1	1076.1	1076.1	1076.1
491	1076.7	1076.7	-55.394	1076.7	1076.7	1076.7	1076.7	1076.7	1076.7	1076.7	1076.7
492	1077.4	1077.4	-57.583	1077.4	1077.4	1077.4	1077.4	1077.4	1077.4	1077.4	1077.4
493	1078	1078	-59.685	1078	1078	1078	1078	1078	1078	1078	1078
494	1078.7	1078.7	-61.764	1078.7	1078.7	1078.7	1078.7	1078.7	1078.7	1078.7	1078.7
495	1079.3	1079.3	-63.659	1079.3	1079.3	1079.3	1079.3	1079.3	1079.3	1079.3	1079.3
496	1079.6	1079.6	13.188	1079.6	1079.6	1079.6	1079.6	1079.6	1079.6	1079.6	1079.6
497	1079.9	1079.9	12.893	1079.9	1079.9	1079.9	1079.9	1079.9	1079.9	1079.9	1079.9
498	1080.1	1080.1	12.683	1080.1	1080.1	1080.1	1080.1	1080.1	1080.1	1080.1	1080.1
499	1080.4	1080.4	12.52	1080.4	1080.4	1080.4	1080.4	1080.4	1080.4	1080.4	1080.4
500	1080.7	1080.7	12.307	1080.7	1080.7	1080.7	1080.7	1080.7	1080.7	1080.7	1080.7
501	1081	1081	12.197	1081	1081	1081	1081	1081	1081	1081	1081
502	1081.3	1081.3	12.067	1081.3	1081.3	1081.3	1081.3	1081.3	1081.3	1081.3	1081.3
503	1081.5	1081.5	11.933	1081.5	1081.5	1081.5	1081.5	1081.5	1081.5	1081.5	1081.5
504	1081.8	1081.8	11.834	1081.8	1081.8	1081.8	1081.8	1081.8	1081.8	1081.8	1081.8
505	1082.1	1082.1	11.746	1082.1	1082.1	1082.1	1082.1	1082.1	1082.1	1082.1	1082.1
506	1082.2	1082.2	11.633	1082.2	1082.2	1082.2	1082.2	1082.2	1082.2	1082.2	1082.2
507	1082.3	1082.3	11.589	1082.3	1082.3	1082.3	1082.3	1082.3	1082.3	1082.3	1082.3
508	1082.4	1082.4	11.473	1082.4	1082.4	1082.4	1082.4	1082.4	1082.4	1082.4	1082.4
509	1082.5	1082.5	11.394	1082.5	1082.5	1082.5	1082.5	1082.5	1082.5	1082.5	1082.5
510	1082.6	1082.6	11.347	1082.6	1082.6	1082.6	1082.6	1082.6	1082.6	1082.6	1082.6
511	1082.7	1082.7	11.236	1082.7	1082.7	1082.7	1082.7	1082.7	1082.7	1082.7	1082.7
512	1082.8	1082.8	11.19	1082.8	1082.8	1082.8	1082.8	1082.8	1082.8	1082.8	1082.8
513	1082.9	1082.9	11.079	1082.9	1082.9	1082.9	1082.9	1082.9	1082.9	1082.9	1082.9
514	1083	1083	11.043	1083	1083	1083	1083	1083	1083	1083	1083
515	1083.1	1083.1	10.965	1083.1	1083.1	1083.1	1083.1	1083.1	1083.1	1083.1	1083.1
516	1083.2	1083.2	10.921	1083.2	1083.2	1083.2	1083.2	1083.2	1083.2	1083.2	1083.2
517	1083.4	1083.4	10.821	1083.4	1083.4	1083.4	1083.4	1083.4	1083.4	1083.4	1083.4
518	1083.5	1083.5	10.779	1083.5	1083.5	1083.5	1083.5	1083.5	1083.5	1083.5	1083.5
519	1083.6	1083.6	10.719	1083.6	1083.6	1083.6	1083.6	1083.6	1083.6	1083.6	1083.6
520	1083.8	1083.8	10.63	1083.8	1083.8	1083.8	1083.8	1083.8	1083.8	1083.8	1083.8
521	1083.9	1083.9	10.618	1083.9	1083.9	1083.9	1083.9	1083.9	1083.9	1083.9	1083.9
522	1084	1084	10.522	1084	1084	1084	1084	1084	1084	1084	1084
523	1084.2	1084.2	10.434	1084.2	1084.2	1084.2	1084.2	1084.2	1084.2	1084.2	1084.2
524	1084.3	1084.3	10.424	1084.3	1084.3	1084.3	1084.3	1084.3	1084.3	1084.3	1084.3
525	1084.4	1084.4	10.329	1084.4	1084.4	1084.4	1084.4	1084.4	1084.4	1084.4	1084.4
526	1084.6	1084.6	10.278	1084.6	1084.6	1084.6	1084.6	1084.6	1084.6	1084.6	1084.6
527	1084.7	1084.7	10.188	1084.7	1084.7	1084.7	1084.7	1084.7	1084.7	1084.7	1084.7
528	1084.9	1084.9	10.095	1084.9	1084.9	1084.9	1084.9	1084.9	1084.9	1084.9	1084.9
529	1085	1085	10.094	1085	1085	1085	1085	1085	1085	1085	1085
530	1085.2	1085.2	10.094	1085.2	1085.2	1085.2	1085.2	1085.2	1085.2	1085.2	1085.2
531	1085.3	1085.3	10.561	1085.3	1085.3	1085.3	1085.3	1085.3	1085.3	1085.3	1085.3
532	1085.4	1085.4	11.027	1085.4	1085.4	1085.4	1085.4	1085.4	1085.4	1085.4	1085.4
533	1085.6	1085.6	11.406	1085.6	1085.6	1085.6	1085.6	1085.6	1085.6	1085.6	1085.6
534	1085.7	1085.7	11.679	1085.7	1085.7	1085.7	1085.7	1085.7	1085.7	1085.7	1085.7
535	1085.9	1085.9	10.955	1085.9	1085.9	1085.9	1085.9	1085.9	1085.9	1085.9	1085.9
536	1086	1086	9.6838	1086	1086	1086	1086	1086	1086	1086	1086
537	1086.1	1086.1	8.8626	1086.1	1086.1	1086.1	1086.1	1086.1	1086.1	1086.1	1086.1
538	1086.1	1086.1	8.3419	1086.1	1086.1	1086.1	1086.1	1086.1	1086.1	1086.1	1086.1
539	1086.2	1086.2	7.9736	1086.2	1086.2	1086.2	1086.2	1086.2	1086.2	1086.2	1086.2
540	1086.3	1086.3	7.7377	1086.3	1086.3	1086.3	1086.3	1086.3	1086.3	1086.3	1086.3
541	1086.4	1086.4	7.5138	1086.4	1086.4	1086.4	1086.4	1086.4	1086.4	1086.4	1086.4
542	1086.5	1086.5	7.3921	1086.5	1086.5	1086.5	1086.5	1086.5	1086.5	1086.5	1086.5
543	1086.6	1086.6	7.284	1086.6	1086.6	1086.6	1086.6	1086.6	1086.6	1086.6	1086.6
544	1086.7	1086.7	6.7897	1086.7	1086.7	1086.7	1086.7	1086.7	1086.7	1086.7	1086.7
545	1086.8	1086.8	6.233	1086.8	1086.8	1086.8	1086.8	1086.8	1086.8	1086.8	1086.8
546	1086.9	1086.9	5.9061	1086.9	1086.9	1086.9	1086.9	1086.9	1086.9	1086.9	1086.9
547	1086.9	1086.9	5.6279	1086.9	1086.9	1086.9	1086.9	1086.9	1086.9	1086.9	1086.9
548	1087	1087	5.4974	1087	1087	1087	1087	1087	1087	1087	1087
549	1087.1	1087.1	5.3723	1087.1	1087.1	1087.1	1087.1	1087.1	1087.1	1087.1	1087.1
550	1087.2	1087.2	5.3192	1087.2	1087.2	1087.2	1087.2	1087.2	1087.2	1087.2	1087.2
551	1087.3	1087.3	5.1988	1087.3	1087.3	1087.3	1087.3	1087.3	1087.3	1087.3	1087.3
552	1087.4	1087.4	5.1971	1087.4	1087.4	1087.4	1087.4	1087.4	1087.4	1087.4	1087.4
553	1087.5	1087.5	5.0534	1087.5	1087.5	1087.5	1087.5	1087.5	1087.5	1087.5	1087.5
554	1087.6	1087.6	4.9353	1087.6	1087.6	1087.6	1087.6	1087.6	1087.6	1087.6	1087.6
555	1087.7	1087.7	4.7013	1087.7	1087.7	1087.7	1087.7	1087.7	1087.7	1087.7	1087.7
556	1087.8	1087.8	4.5318	1087.8	1087.8	1087.8	1087.8	1087.8	1087.8	1087.8	1087.8
557	1087.9	1087.9	4.354	1087.9	1087.9	1087.9	1087.9	1087.9	1087.9	1087.9	1087.9
558	1088	1088	4.1797	1088	1088	1088	1088	1088	1088	1088	1088
559	1088	1088	4.0789	1088	1088	1088	1088	1088	1088	1088	1088
560	1088.1	1088.1	3.9366	1088.1	1088.1	1088.1	1088.1	1088.1	1088.1	1088.1	1088.1
561	1088.2	1088.2	3.8762	1088.2	1088.2	1088.2	1088.2	1088.2	1088.2	1088.2	1088.2
562	1088.3	1088.3	3.8321	1088.3	1088.3	1088.3	1088.3	1088.3	1088.3	1088.3	1088.3
563	1088.4	1088.4	3.7828	1088.4	1088.4	1088.4	1088.4	1088.4	1088.4	1088.4	1088.4
564	1088.5	1088.5	3.704	1088.5	1088.5	1088.5	1088.5	1088.5	1088.5	1088.5	1088.5
565	1088.6	1088.6	3.719	1088.6	1088.6	1088.6	1088.6	1088.6	1088.6	1088.6	1088.6
566	1088.7	1088.7	3.6888	1088.7	1088.7	1088.7	1088.7	1088.7	1088.7	1088.7	1088.7
567	1088.8	1088.8	3.6569	1088.8	1088.8	1088.8	1088.8	1088.8	1088.8	1088.8	1088.8
568	1088.9	1088.9	3.5808	1088.9	1088.9	1088.9	1088.9	1088.9	1088.9	1088.9	1088.9
569	1089	1089	3.5957	1089	1089	1089	1089	1089	1089	1089	1089
570	1089.1	1089.1	3.5654	1089.1	1089.1	1089.1	1089.1	1089.1	1089.1	1089.1	1089.1
571	1089.2	1089.2	3.4899	1089.2	1089.2	1089.2	1089.2	1089.2	1089.2	1089.2	1089.2
572	1089.3	1089.3	3.5053	1089.3	1089.3	1089.3	1089.3	1089.3	1089.3	1089.3	1089.3
573	1089.4	1089.4	3.4755	1089.4	1089.4	1089.4	1089.4	1089.4	1089.4	1089.4	1089.4
574	1089.4	1089.4	3.4323	1089.4	1089.4	1089.4	1089.4	1089.4	1089.4	1089.4	1089.4
575	1089.5	1089.5	3.3847	1089.5	1089.5	1089.5	1089.5	1089.5	1089.5	1089.5	1089.5
576	1089.6	1089.6	3.3882	1089.6	1089.6	1089.6	1089.6	1089.6	1089.6	1089.6	1089.6
577	1089.7	1089.7	3.3582	1089.7	1089.7	1089.7	1089.7	1089.7	1089.7	1089.7	1089.7
578	1089.8	1089.8	3.2831	1089.8	1089.8	1089.8	1089.8	1089.8	1089.8	1089.8	1089.8
579	1089.9	1089.9	3.3016	1089.9	1089.9	1089.9	1089.9	1089.9	1089.9	1089.9	1089.9
580	1090	1090	3.2721	1090	1090	1090	1090	1090	1090	1090	1090
581	1090.1	1090.1	3.1974	1090.1	1090.1	1090.1	1090.1	1090.1	1090.1	1090.1	1090.1
582	1090.2	1090.2	3.2164	1090.2	1090.2	1090.2	1090.2	1090.2	1090.2	1090.2	1090.2
583	1090.2	1090.2	3.1874	1090.2	1090.2	1090.2	1090.2	1090.2	1090.2	1090.2	1090.2
584	1090.3	1090.3	3.1141	1090.3	1090.3	1090.3	1090.3	1090.3	1090.3	1090.3	1090.3
585	1090.4	1090.4	3.1319	1090.4	1090.4	1090.4	1090.4	1090.4	1090.4	1090.4	1090.4
586	1090.5	1090.5	3.1041	1090.5	1090.5	1090.5	1090.5	1090.5	1090.5	1090.5	1090.5
587	1090.6	1090.6	3.0314	1090.6	1090.6	1090.6	1090.6	1090.6	1090.6	1090.6	1090.6
588	1090.7	1090.7	3.0494	1090.7	1090.7	1090.7	1090.7	1090.7	1090.7	1090.7	1090.7
589	1090.8	1090.8	2.9968	1090.8	1090.8	1090.8	1090.8	1090.8	1090.8	1090.8	1090.8
590	1090.9	1090.9	2.9754	1090.9	1090.9	1090.9	1090.9	1090.9	1090.9	1090.9	1090.9
591	1091	1091	2.9683	1091	1091	1091	1091	1091	1091	1091	1091
592	1091.1	1091.1	2.9061	1091.1	1091.1	1091.1	1091.1	1091.1	1091.1	1091.1	1091.1
593	1091.2	1091.2	2.9052	1091.2	1091.2	1091.2	1091.2	1091.2	1091.2	1091.2	1091.2
594	1091.3	1091.3	2.8885	1091.3	1091.3	1091.3	1091.3	1091.3	1091.3	1091.3	1091.3
595	1091.4	1091.4	2.817	1091.4	1091.4	1091.4	1091.4	1091.4	1091.4	1091.4	1091.4
596	1091.5	1091.5	2.836	1091.5	1091.5	1091.5	1091.5	1091.5	1091.5	1091.5	1091.5
597	1091.6	1091.6	2.8004	1091.6	1091.6	1091.6	1091.6	1091.6	1091.6	1091.6	1091.6
598	1091.7	1091.7	2.7482	1091.7	1091.7	1091.7	1091.7	1091.7	1091.7	1091.7	1091.7
599	1091.8	1091.8	2.7581	1091.8	1091.8	1091.8	1091.8	1091.8	1091.8	1091.8	1091.8
600	1091.9	1091.9	2.6872	1091.9	1091.9	1091.9	1091.9	1091.9	1091.9	1091.9	1091.9
601	1091.9	1091.9	2.7068	1091.9	1091.9	1091.9	1091.9	1091.9	1091.9	1091.9	1091.9
602	1092	1092	2.6813	1092	1092	1092	1092	1092	1092	1092	1092
603	1092.1	1092.1	2.6107	1092.1	1092.1	1092.1	1092.1	1092.1	1092.1	1092.1	1092.1
604	1092.2	1092.2	2.6307	1092.2	1092.2	1092.2	1092.2	1092.2	1092.2	1092.2	1092.2
605	1092.3	1092.3	2.5594	1092.3	1092.3	1092.3	1092.3	1092.3	1092.3	1092.3	1092.3
606	1092.4	1092.4	2.5814	1092.4	1092.4	1092.4	1092.4	1092.4	1092.4	1092.4	1092.4
607	1092.5	1092.5	2.5546	1092.5	1092.5	1092.5	1092.5	1092.5	1092.5	1092.5	1092.5
608	1092.6	1092.6	2.4867	1092.6	1092.6	1092.6	1092.6	1092.6	1092.6	1092.6	1092.6
609	1092.6	1092.6	2.5061	1092.6	1092.6	1092.6	1092.6	1092.6	1092.6	1092.6	1092.6
610	1092.7	1092.7	2.4354	1092.7	1092.7	1092.7	1092.7	1092.7	1092.7	1092.7	1092.7
611	1093.1	1093.1	2.4579	1093.1	1093.1	1093.1	1093.1	1093.1	1093.1	1093.1	1093.1
612	1093.4	1093.4	2.3865	1093.4	1093.4	1093.4	1093.4	1093.4	1093.4	1093.4	1093.4
613	1093.7	1093.7	2.4083	1093.7	1093.7	1093.7	1093.7	1093.7	1093.7	1093.7	1093.7
614	1094	1094	2.385	1094	1094	1094	1094	1094	1094	1094	1094
615	1094.3	1094.3	2.3139	1094.3	1094.3	1094.3	1094.3	1094.3	1094.3	1094.3	1094.3
616	1094.7	1094.7	2.3369	1094.7	1094.7	1094.7	1094.7	1094.7	1094.7	1094.7	1094.7
617	1095	1095	2.2659	1095	1095	1095	1095	1095	1095	1095	1095
618	1095.3	1095.3	2.2881	1095.3	1095.3	1095.3	1095.3	1095.3	1095.3	1095.3	1095.3
619	1095.6	1095.6	2.2193	1095.6	1095.6	1095.6	1095.6	1095.6	1095.6	1095.6	1095.6
620	1095.9	1095.9	2.2407	1095.9	1095.9	1095.9	1095.9	1095.9	1095.9	1095.9	1095.9
621	1095.7	1095.7	2.1711	1095.7	1095.7	1095.7	1095.7	1095.7	1095.7	1095.7	1095.7
622	1095.4	1095.4	2.1946	1095.4	1095.4	1095.4	1095.4	1095.4	1095.4	1095.4	1095.4
623	1095.1	1095.1	2.1242	1095.1	1095.1	1095.1	1095.1	1095.1	1095.1	1095.1	1095.1
624	1094.8	1094.8	2.1478	1094.8	1094.8	1094.8	1094.8	1094.8	1094.8	1094.8	1094.8
625	1094.6	1094.6	2.1008	1094.6	1094.6	1094.6	1094.6	1094.6	1094.6	1094.6	1094.6
626	1094.3	1094.3	2.0772	1094.3	1094.3	1094.3	1094.3	1094.3	1094.3	1094.3	1094.3
627	1094	1094	2.0783	1094	1094	1094	1094	1094	1094	1094	1094
628	1093.7	1093.7	2.0083	1093.7	1093.7	1093.7	1093.7	1093.7	1093.7	1093.7	1093.7
629	1093.5	1093.5	2.0315	1093.5	1093.5	1093.5	1093.5	1093.5	1093.5	1093.5	1093.5
630	1093.2	1093.2	1.9632	1093.2	1093.2	1093.2	1093.2	1093.2	1093.2	1093.2	1093.2
631	1093.2	1093.2	1.9857	1093.2	1093.2	1093.2	1093.2	1093.2	1093.2	1093.2	1093.2
632	1093.3	1093.3	1.9179	1093.3	1093.3	1093.3	1093.3	1093.3	1093.3	1093.3	1093.3
633	1093.3	1093.3	1.9402	1093.3	1093.3	1093.3	1093.3	1093.3	1093.3	1093.3	1093.3
634	1093.4	1093.4	1.8716	1093.4	1093.4	1093.4	1093.4	1093.4	1093.4	1093.4	1093.4
635	1093.5	1093.5	1.896	1093.5	1093.5	1093.5	1093.5	1093.5	1093.5	1093.5	1093.5
636	1093.5	1093.5	1.8266	1093.5	1093.5	1093.5	1093.5	1093.5	1093.5	1093.5	1093.5
637	1093.6	1093.6	1.8507	1093.6	1093.6	1093.6	1093.6	1093.6	1093.6	1093.6	1093.6
638	1093.6	1093.6	1.7823	1093.6	1093.6	1093.6	1093.6	1093.6	1093.6	1093.6	1093.6
639	1093.7	1093.7	1.8055	1093.7	1093.7	1093.7	1093.7	1093.7	1093.7	1093.7	1093.7
640	1093.7	1093.7	1.7382	1093.7	1093.7	1093.7	1093.7	1093.7	1093.7	1093.7	1093.7
641	1093.8	1093.8	1.7611	1093.8	1093.8	1093.8	1093.8	1093.8	1093.8	1093.8	1093.8
642	1093.8	1093.8	1.693	1093.8	1093.8	1093.8	1093.8	1093.8	1093.8	1093.8	1093.8
643	1093.9	1093.9	1.6733	1093.9	1093.9	1093.9	1093.9	1093.9	1093.9	1093.9	1093.9
644	1093.9	1093.9	1.6934	1093.9	1093.9	1093.9	1093.9	1093.9	1093.9	1093.9	1093.9
645	1093.9	1093.9	1.627	1093.9	1093.9	1093.9	1093.9	1093.9	1093.9	1093.9	1093.9
646	1094	1094	1.6519	1094	1094	1094	1094	1094	1094	1094	1094
647	1094	1094	1.5832	1094	1094	1094	1094	1094	1094	1094	1094
648	1094.1	1094.1	1.6082	1094.1	1094.1	1094.1	1094.1	1094.1	1094.1	1094.1	1094.1
649	1094.1	1094.1	1.5396	1094.1	1094.1	1094.1	1094.1	1094.1	1094.1	1094.1	1094.1
650	1094.2	1094.2	1.5638	1094.2	1094.2	1094.2	1094.2	1094.2	1094.2	1094.2	1094.2
651	1094.3	1094.3	1.4972	1094.3	1094.3	1094.3	1094.3	1094.3	1094.3	1094.3	1094.3
652	1094.3	1094.3	1.5205	1094.3	1094.3	1094.3	1094.3	1094.3	1094.3	1094.3	1094.3
653	1094.4	1094.4	1.4532	1094.4	1094.4	1094.4	1094.4	1094.4	1094.4	1094.4	1094.4
654	1094.5	1094.5	1.4322	1094.5	1094.5	1094.5	1094.5	1094.5	1094.5	1094.5	1094.5
655	1094.6	1094.6	1.4558	1094.6	1094.6	1094.6	1094.6	1094.6	1094.6	1094.6	1094.6
656	1094.7	1094.7	1.3894	1094.7	1094.7	1094.7	1094.7	1094.7	1094.7	1094.7	1094.7
657	1094.8	1094.8	1.4129	1094.8	1094.8	1094.8	1094.8	1094.8	1094.8	1094.8	1094.8
658	1094.9	1094.9	1.3456	1094.9	1094.9	1094.9	1094.9	1094.9	1094.9	1094.9	1094.9
659	1095	1095	1.3711	1095	1095	1095	1095	1095	1095	1095	1095
660	1095.1	1095.1	1.303	1095.1	1095.1	1095.1	1095.1	1095.1	1095.1	1095.1	1095.1
661	1095.1	1095.1	1.2822	1095.1	1095.1	1095.1	1095.1	1095.1	1095.1	1095.1	1095.1
662	1095.2	1095.2	1.3067	1095.2	1095.2	1095.2	1095.2	1095.2	1095.2	1095.2	1095.2
663	1095.3	1095.3	1.2392	1095.3	1095.3	1095.3	1095.3	1095.3	1095.3	1095.3	1095.3
664	1095.4	1095.4	1.2648	1095.4	1095.4	1095.4	1095.4	1095.4	1095.4	1095.4	1095.4
665	1095.5	1095.5	1.1968	1095.5	1095.5	1095.5	1095.5	1095.5	1095.5	1095.5	1095.5
666	1095.6	1095.6	1.1757	1095.6	1095.6	1095.6	1095.6	1095.6	1095.6	1095.6	1095.6
667	1095.7	1095.7	1.2013	1095.7	1095.7	1095.7	1095.7	1095.7	1095.7	1095.7	1095.7
668	1095.8	1095.8	1.1335	1095.8	1095.8	1095.8	1095.8	1095.8	1095.8	1095.8	1095.8
669	1095.8	1095.8	1.1592	1095.8	1095.8	1095.8	1095.8	1095.8	1095.8	1095.8	1095.8
670	1095.9	1095.9	1.0915	1095.9	1095.9	1095.9	1095.9	1095.9	1095.9	1095.9	1095.9
671	1096	1096	1.0704	1096	1096	1096	1096	1096	1096	1096	1096
672	1096.1	1096.1	1.0961	1096.1	1096.1	1096.1	1096.1	1096.1	1096.1	1096.1	1096.1
673	1096.2	1096.2	1.0284	1096.2	1096.2	1096.2	1096.2	1096.2	1096.2	1096.2	1096.2
674	1096.3	1096.3	1.0297	1096.3	1096.3	1096.3	1096.3	1096.3	1096.3	1096.3	1096.3
675	1096.4	1096.4	1.0111	1096.4	1096.4	1096.4	1096.4	1096.4	1096.4	1096.4	1096.4
676	1096.5	1096.5	0.96565	1096.5	1096.5	1096.5	1096.5	1096.5	1096.5	1096.5	1096.5
677	1096.6	1096.6	0.99149	1096.6	1096.6	1096.6	1096.6	1096.6	1096.6	1096.6	1096.6
678	1096.7	1096.7	0.92387	1096.7	1096.7	1096.7	1096.7	1096.7	1096.7	1096.7	1096.7
679	1096.8	1096.8	0.90301	1096.8	1096.8	1096.8	1096.8	1096.8	1096.8	1096.8	1096.8
680	1096.9	1096.9	0.92883	1096.9	1096.9	1096.9	1096.9	1096.9	1096.9	1096.9	1096.9
681	1097	1097	0.86131	1097	1097	1097	1097	1097	1097	1097	1097
682	1097.1	1097.1	0.84047	1097.1	1097.1	1097.1	1097.1	1097.1	1097.1	1097.1	1097.1
683	1097.2	1097.2	0.86638	1097.2	1097.2	1097.2	1097.2	1097.2	1097.2	1097.2	1097.2
684	1097.3	1097.3	0.79884	1097.3	1097.3	1097.3	1097.3	1097.3	1097.3	1097.3	1097.3
685	1097.4	1097.4	0.77895	1097.4	1097.4	1097.4	1097.4	1097.4	1097.4	1097.4	1097.4
686	1097.4	1097.4	0.80301	1097.4	1097.4	1097.4	1097.4	1097.4	1097.4	1097.4	1097.4
687	1097.5	1097.5	0.73742	1097.5	1097.5	1097.5	1097.5	1097.5	1097.5	1097.5	1097.5
688	1097.6	1097.6	0.73124	1097.6	1097.6	1097.6	1097.6	1097.6	1097.6	1097.6	1097.6
689	1097.7	1097.7	0.71046	1097.7	1097.7	1097.7	1097.7	1097.7	1097.7	1097.7	1097.7
690	1097.8	1097.8	0.68968	1097.8	1097.8	1097.8	1097.8	1097.8	1097.8	1097.8	1097.8
691	1097.8	1097.8	0.66891	1097.8	1097.8	1097.8	1097.8	1097.8	1097.8	1097.8	1097.8
692	1097.8	1097.8	0.64814	1097.8	1097.8	1097.8	1097.8	1097.8	1097.8	1097.8	1097.8
693	1097.8	1097.8	0.64805	1097.8	1097.8	1097.8	1097.8	1097.8	1097.8	1097.8	1097.8
694	1097.8	1097.8	0.64604	1097.8	1097.8	1097.8	1097.8	1097.8	1097.8	1097.8	1097.8
