0.0	5400.0
20.0	7656.0
53.0	22367.0
56.0	24590.0
67.0	34097.0
75.0	42288.0
87.0	56623.0
110.0	92423.0
130.0	134617.0
131.7498	136761.1592
132.7494	138871.7236
133.7496	140949.1515
134.7498	142993.4429
135.7494	145005.254
136.7496	146984.2567
137.7498	148931.1071
138.8496	151094.1649
139.7496	152953.0889
140.7498	155101.3829
141.7494	157268.3777
142.7496	159431.1075
143.7498	161589.9002
144.7494	163745.4121
145.7496	165897.9712
146.7498	168048.5618
147.7494	170197.512
148.7496	172345.1499
149.7498	174492.1316
150.7494	176639.1133
151.7496	178786.7511
152.7498	180935.0452
153.7494	183085.3077
154.7496	185237.8668
155.7498	187393.3787
156.7494	189552.4995
157.7496	191715.5573
158.7498	193883.5364
159.7494	196057.0929
160.7496	198236.5549
161.7498	200422.5786
162.7494	202616.1482
163.7496	204817.9199
164.7498	207028.2218
165.7494	209248.6944
166.7496	211479.6656
167.4414	213030.1905
168.4416	215258.8652
169.4418	217455.7156
170.4414	219620.7419
171.4416	221753.9441
172.4418	223855.6502
173.4414	225925.5322
174.4416	227963.9181
175.4418	229970.4798
176.4414	231945.5455
177.4416	233888.787
178.4418	235800.8606
179.4414	237680.7819
180.4416	239529.5352
181.4418	241346.7925
182.4414	243132.5537
183.4416	244886.4908
184.4418	246609.2599
185.4414	248300.2048
186.4416	249959.9818
187.4418	251587.9346
188.4414	253184.7194
189.4416	254750.0082
190.4418	256283.8009
191.4414	257786.0975
192.4416	259257.2261
193.4418	260696.5307
194.4414	262104.6672
195.4416	263481.3076
196.4418	264826.7801
197.4414	266140.4285
198.4416	267422.9088
199.4418	268674.2212
200.4414	269893.7094
201.4416	271082.0297
202.4418	272238.8539
203.4414	273364.5101
204.4416	274458.6702
205.4418	275521.6624
206.4414	276552.8304
207.4416	277553.1585
208.4418	278521.6625
209.4414	279458.9984
210.4416	280365.1665
211.4418	281239.8384
212.4414	282083.3424
213.4416	282895.3503
214.4418	283675.8621
215.4414	284425.206
216.4416	285143.0537
217.4418	285829.7336
218.4414	286485.2454
219.4416	287109.2612
220.4418	287701.7809
221.4414	288263.1326
222.4416	288793.3163
223.4418	289292.004
224.4414	289759.1956
225.4416	290195.5473
226.4418	290600.0749
227.4414	290973.7626
228.4416	291315.6261
229.4418	291626.6498
230.4414	291906.1773
231.4416	292154.2088
232.4418	292371.0723
233.4414	292556.7679
234.4416	292710.9674
235.4418	292833.9989
236.4414	292925.5343
237.4416	292985.9018
238.4418	293015.1012
238.9470	293017.7259
239.9466	292999.6813
240.9468	292950.4687
241.9470	292869.76
242.9466	292757.8834
243.9468	292614.5107
244.9470	292439.97
245.9466	292233.9332
246.9468	291996.7285
247.9470	291728.0277
248.9466	291428.487
249.9468	291097.1222
250.9470	290734.5894
251.9466	290340.8886
252.9468	289916.0198
253.9470	289459.3268
254.9466	288971.794
255.9468	288452.7651
256.9470	287902.2402
257.9466	287320.8753
258.9468	286707.6863
259.9470	286063.3294
260.9466	285387.8044
261.9468	284680.7834
262.9470	283942.5944
263.9466	283172.9093
264.9468	282372.0563
265.9470	281539.7072
266.9466	280675.862
267.9468	279781.1769
268.9470	278854.6677
269.9466	277896.9905
270.9468	276908.1453
271.9470	275887.8041
272.9466	274835.9668
273.9468	273752.9615
274.9470	272638.4602
275.9466	271492.7908
276.9468	270315.6254
277.9470	269106.964
278.9466	267867.1346
279.9468	266596.1371
280.9470	265293.3156
281.9466	263959.326
282.9468	262594.1685
283.9470	261197.1868
284.9466	259769.0372
285.9468	258309.7196
286.9470	256818.5778
287.9466	255296.268
288.9468	253742.7903
289.9470	252157.4884
290.9466	250541.0185
291.9468	248893.3807
292.9470	247213.9187
293.9466	245503.2887
294.9468	243761.1627
295.9470	241987.8686
296.9466	240182.7505
297.9468	238346.4643
298.9470	236479.0102
299.9466	234579.7319
300.9468	232649.2857
301.9470	230687.6714
302.9466	228694.233
303.9468	226669.6267
304.9470	224613.8523
305.9466	222526.5819
306.9468	220407.8155
307.9470	218257.881
308.9466	216076.4505
309.9468	213863.852
310.9470	211620.0855
311.9466	209345.1511
312.9468	207039.0486
313.9470	204701.4501
314.9466	202333.0117
315.9468	199933.4053
316.9470	197502.631
317.9466	195041.0167
318.9468	192548.5626
319.9470	190024.9405
320.9466	187470.8065
321.9468	184886.1608
322.9470	182270.6751
323.9466	179625.0057
324.9468	176948.8246
325.9470	174242.7877
326.9466	171506.8953
327.9468	168740.819
328.9470	165945.8715
329.9466	163121.3963
330.9468	160268.0497
331.9470	157386.488
332.9466	154476.711
333.9468	151539.703
334.9470	148575.7922
335.9466	145585.9627
336.9468	142570.5426
337.9470	139531.5005
338.9466	136469.1645
339.9468	133385.1749
340.9470	130281.1721
341.9466	127159.1248
342.9468	124021.0013
343.9470	120869.7545
344.9466	117707.6809
345.9468	114538.3895
346.9470	111366.1453
347.9466	108194.8854
348.9468	105030.1871
349.0824	104603.3498
350.0826	101448.166
351.0828	98312.99527
352.0824	95205.71171
353.0826	92134.1893
354.0828	89107.94248
355.0824	86136.81378
356.0826	83230.97379
357.0828	80400.59312
358.0824	77655.5143
359.0826	75004.59558
360.0828	72455.71098
361.0824	70015.0941
362.0826	67686.35387
362.8962	65876.97061
363.8958	63756.8918
364.8960	61750.65814
365.8962	59855.64496
366.8958	58067.58716
367.8960	56381.56348
368.8962	54792.98076
369.8958	53296.58963
370.8960	51886.4846
371.6976	50814.30609
372.6978	49545.93334
373.6974	48346.45824
374.6976	47209.3191
375.6978	46127.29806
376.6566	45142.06181
377.6568	44162.40299
378.6570	43214.8964
379.6566	42292.32419
380.6568	41388.78085
381.6570	40501.31363
382.6566	39626.3136
383.0000	38851.0000
383.6568	38851.3792
385.1180	38224.7388
386.5783	37687.6652
388.0395	37210.6311
389.5007	36775.9198
390.9610	36372.3765
392.4222	35992.1271
393.8834	35630.2505
395.3437	35282.8095
396.8049	34946.5234
398.2661	34619.7518
399.7264	34300.5260
401.1876	33987.8620
402.6488	33680.1192
404.1091	33377.2977
405.5703	33078.4131
407.0315	32782.8751
408.4918	32490.5194
409.9530	32200.9853
411.4142	31914.0102
412.8745	31629.4301
414.3357	31347.0482
415.7969	31066.7661
417.2572	30788.4524
418.7184	30512.0417
420.1796	30237.5010
421.6399	29964.6991
423.1011	29693.6033
424.5623	29424.1807
426.0226	29156.3986
427.4838	28890.2240
428.9450	28625.6243
430.4053	28362.5665
431.8665	28101.0180
433.3277	27840.9458
434.7880	27582.3500
436.2492	27325.2305
437.7104	27069.5219
439.1707	26815.2240
440.6319	26562.3040
442.0931	26310.7948
443.5534	26060.5979
445.0146	25811.7790
446.4758	25564.2725
447.9361	25318.0782
449.3973	25073.1635
450.8585	24829.5284
452.3188	24587.1727
453.7800	24346.0638
455.2412	24106.1688
456.7015	23867.5204
458.1627	23630.0532
459.6239	23393.8000
461.0842	23158.6950
461.1558	22969.0000
461.2274	22939.0000
461.2990	22908.0000
461.3705	22877.0000
461.4421	22846.0000
461.5137	22816.0000
461.5853	22785.0000
461.6569	22754.0000
461.7285	22723.0000
461.8000	22693.0000
461.8716	22662.0000
461.9432	22631.0000
462.0148	22600.0000
462.0864	22569.0000
462.1580	22539.0000
462.2296	22508.0000
462.3011	22477.0000
462.3727	22446.0000
462.4443	22415.0000
462.5159	22384.0000
462.5875	22353.0000
462.6591	22322.0000
462.7306	22291.0000
462.8022	22260.0000
462.8738	22229.0000
462.9454	22198.0000
463.0170	22167.0000
463.0886	22137.0000
463.1601	22106.0000
463.2317	22075.0000
463.3033	22044.0000
463.3749	22013.0000
463.4465	21981.0000
463.4874	21964.0000
463.5239	21948.0000
463.5604	21932.0000
463.5970	21916.0000
463.6335	21901.0000
463.6715	21884.0000
463.7094	21868.0000
463.7460	21852.0000
463.7825	21836.0000
463.8205	21820.0000
463.8585	21804.0000
463.8950	21788.0000
463.9315	21773.0000
463.9680	21757.0000
464.0045	21741.0000
464.0411	21726.0000
464.0776	21710.0000
464.1141	21695.0000
464.1521	21679.0000
464.1901	21663.0000
464.2281	21647.0000
464.2660	21631.0000
464.3040	21615.0000
464.3420	21599.0000
464.3829	21582.0000
464.4209	21567.0000
464.4589	21551.0000
464.4983	21535.0000
464.5495	21514.0000
464.5962	21495.0000
464.6371	21478.0000
464.6780	21461.0000
464.7189	21445.0000
464.7598	21428.0000
464.8022	21411.0000
464.8446	21394.0000
464.8855	21377.0000
464.9264	21361.0000
464.9673	21345.0000
465.0082	21328.0000
465.0506	21311.0000
465.0929	21295.0000
465.1353	21278.0000
465.1776	21261.0000
465.2200	21245.0000
465.2624	21228.0000
465.3047	21211.0000
465.3471	21195.0000
465.3895	21178.0000
465.4318	21162.0000
465.4742	21145.0000
465.5166	21129.0000
465.5589	21113.0000
465.6013	21096.0000
465.6437	21080.0000
465.6860	21064.0000
465.7284	21048.0000
465.7708	21032.0000
465.8131	21016.0000
465.8555	20999.0000
465.8979	20983.0000
465.9402	20968.0000
465.9826	20952.0000
466.0250	20936.0000
466.0673	20920.0000
466.1097	20904.0000
466.1521	20888.0000
466.1959	20872.0000
466.2397	20856.0000
466.2836	20839.0000
466.3274	20823.0000
466.3712	20807.0000
466.4150	20791.0000
466.4589	20775.0000
466.5027	20759.0000
466.5465	20743.0000
466.5903	20727.0000
466.6342	20711.0000
466.6780	20695.0000
466.7218	20679.0000
466.7656	20664.0000
466.8095	20648.0000
466.8533	20632.0000
466.8971	20616.0000
466.9410	20601.0000
466.9848	20585.0000
467.0286	20570.0000
467.0724	20554.0000
467.1177	20538.0000
467.1630	20522.0000
467.2083	20506.0000
467.2536	20490.0000
467.2989	20474.0000
467.3442	20458.0000
467.3895	20443.0000
467.4347	20427.0000
467.4800	20411.0000
467.5253	20395.0000
467.5706	20380.0000
467.6159	20364.0000
467.6612	20348.0000
467.7065	20333.0000
467.7518	20317.0000
467.7970	20302.0000
467.8423	20286.0000
467.8876	20271.0000
467.9344	20255.0000
467.9811	20239.0000
468.0279	20223.0000
468.0746	20207.0000
468.1214	20191.0000
468.1681	20176.0000
468.2149	20160.0000
468.2616	20144.0000
468.3084	20129.0000
468.3551	20113.0000
468.4019	20097.0000
468.4574	20079.0000
468.5246	20057.0000
468.5772	20039.0000
468.6268	20023.0000
468.6780	20006.0000
468.7320	19988.0000
468.7875	19970.0000
468.8401	19952.0000
468.8927	19935.0000
468.9453	19918.0000
468.9994	19900.0000
469.0534	19882.0000
469.1075	19865.0000
469.1615	19847.0000
469.2156	19830.0000
469.2696	19812.0000
469.3237	19794.0000
469.3777	19777.0000
469.4333	19759.0000
469.4888	19741.0000
469.5443	19723.0000
469.5998	19705.0000
469.6553	19687.0000
469.7108	19670.0000
469.7663	19652.0000
469.8219	19634.0000
469.8774	19616.0000
469.9343	19598.0000
469.9913	19580.0000
470.0483	19562.0000
470.1053	19544.0000
470.1622	19526.0000
470.2192	19507.0000
470.2762	19489.0000
470.3332	19471.0000
470.3916	19453.0000
470.4500	19435.0000
470.5085	19416.0000
470.5669	19398.0000
470.6253	19380.0000
470.6838	19361.0000
470.7422	19343.0000
470.8007	19325.0000
470.8606	19306.0000
470.9204	19287.0000
470.9803	19269.0000
471.0402	19250.0000
471.1001	19232.0000
471.1600	19213.0000
471.2199	19195.0000
471.2813	19176.0000
471.3426	19157.0000
471.4040	19138.0000
471.4654	19119.0000
471.5267	19100.0000
471.5881	19081.0000
471.6494	19063.0000
471.7123	19043.0000
471.7751	19024.0000
471.8379	19005.0000
471.9007	18986.0000
471.9635	18967.0000
472.0263	18948.0000
472.0906	18928.0000
472.1549	18909.0000
472.2192	18890.0000
472.2732	18873.0000
472.3112	18862.0000
472.3477	18851.0000
472.3843	18840.0000
472.4208	18829.0000
472.4588	18818.0000
472.4968	18806.0000
472.5347	18795.0000
472.5727	18783.0000
472.6107	18772.0000
472.6487	18761.0000
472.6867	18749.0000
472.7247	18738.0000
472.7626	18727.0000
472.8006	18716.0000
472.8386	18705.0000
472.8781	18693.0000
472.9190	18681.0000
472.9569	18670.0000
472.9949	18659.0000
473.0344	18647.0000
473.0797	18634.0000
473.1337	18618.0000
473.1790	18605.0000
473.2214	18593.0000
473.2637	18581.0000
473.3061	18569.0000
473.3485	18556.0000
473.3923	18544.0000
473.4361	18531.0000
473.4799	18519.0000
473.5238	18507.0000
473.5661	18495.0000
473.6100	18482.0000
473.6538	18470.0000
473.6976	18457.0000
473.7414	18445.0000
473.7853	18433.0000
473.8291	18421.0000
473.8729	18408.0000
473.9168	18396.0000
473.9606	18384.0000
474.0044	18372.0000
474.0482	18360.0000
474.0921	18348.0000
474.1359	18335.0000
474.1797	18323.0000
474.2235	18311.0000
474.2674	18299.0000
474.3112	18287.0000
474.3565	18275.0000
474.4018	18263.0000
474.4471	18250.0000
474.4923	18238.0000
474.5376	18226.0000
474.5829	18214.0000
474.6282	18202.0000
474.6735	18189.0000
474.7188	18177.0000
474.7641	18165.0000
474.8094	18153.0000
474.8547	18141.0000
474.8999	18129.0000
474.9452	18117.0000
474.9905	18105.0000
475.0358	18093.0000
475.0826	18080.0000
475.1293	18068.0000
475.1760	18056.0000
475.2228	18044.0000
475.2695	18031.0000
475.3163	18019.0000
475.3630	18007.0000
475.4098	17995.0000
475.4565	17983.0000
475.5033	17970.0000
475.5500	17958.0000
475.5968	17946.0000
475.6435	17934.0000
475.6903	17922.0000
475.7385	17910.0000
475.7867	17897.0000
475.8349	17885.0000
475.8831	17873.0000
475.9313	17860.0000
475.9795	17848.0000
476.0292	17836.0000
476.0774	17823.0000
476.1256	17811.0000
476.1738	17799.0000
476.2221	17787.0000
476.2703	17775.0000
476.3185	17763.0000
476.3681	17750.0000
476.4178	17738.0000
476.4675	17725.0000
476.5172	17713.0000
476.5668	17700.0000
476.6165	17688.0000
476.6662	17676.0000
476.7158	17663.0000
476.7655	17651.0000
476.8152	17639.0000
476.8648	17626.0000
476.9160	17614.0000
476.9671	17601.0000
477.0182	17589.0000
477.0694	17576.0000
477.1205	17563.0000
477.1716	17551.0000
477.2228	17538.0000
477.2739	17526.0000
477.3250	17514.0000
477.3776	17501.0000
477.4302	17488.0000
477.4828	17475.0000
477.5354	17463.0000
477.5880	17450.0000
477.6406	17437.0000
477.6932	17424.0000
477.7458	17412.0000
477.7984	17399.0000
477.8524	17386.0000
477.9065	17373.0000
477.9605	17360.0000
478.0146	17347.0000
478.0686	17335.0000
478.1227	17322.0000
478.1767	17309.0000
478.2308	17296.0000
478.2863	17283.0000
478.3418	17270.0000
478.3973	17257.0000
478.4528	17244.0000
478.5084	17231.0000
478.5639	17217.0000
478.6194	17204.0000
478.6764	17191.0000
478.7333	17178.0000
478.7903	17164.0000
478.8473	17151.0000
478.9043	17138.0000
478.9612	17125.0000
479.0182	17111.0000
479.0767	17098.0000
479.1351	17084.0000
479.1935	17071.0000
479.2520	17057.0000
479.3104	17044.0000
479.3688	17030.0000
479.4287	17017.0000
479.4886	17003.0000
479.5485	16989.0000
479.6084	16975.0000
479.6698	16962.0000
479.7297	16948.0000
479.7910	16934.0000
479.8524	16920.0000
479.9137	16906.0000
479.9751	16892.0000
480.0365	16878.0000
480.0993	16864.0000
480.1621	16850.0000
480.2249	16836.0000
480.2877	16821.0000
480.3506	16807.0000
480.4148	16793.0000
480.4791	16778.0000
480.5434	16764.0000
480.6077	16750.0000
480.6734	16735.0000
480.7392	16720.0000
480.8049	16706.0000
480.8706	16691.0000
480.9378	16676.0000
481.0050	16661.0000
481.0722	16646.0000
481.1394	16631.0000
481.2081	16616.0000
481.2768	16601.0000
481.3454	16586.0000
481.4141	16570.0000
481.4842	16555.0000
481.5543	16540.0000
481.6245	16524.0000
481.6946	16509.0000
481.7662	16493.0000
481.8378	16477.0000
481.9093	16462.0000
481.9809	16446.0000
482.0525	16431.0000
482.1241	16415.0000
482.1957	16399.0000
482.2673	16384.0000
482.3388	16368.0000
482.4104	16353.0000
482.4820	16337.0000
482.5536	16322.0000
482.6252	16306.0000
482.6968	16291.0000
482.7683	16275.0000
482.8399	16260.0000
482.9115	16245.0000
482.9831	16229.0000
483.0547	16214.0000
483.1263	16199.0000
483.1979	16183.0000
483.2709	16168.0000
483.3425	16153.0000
483.4141	16137.0000
483.4856	16122.0000
483.5572	16107.0000
483.6288	16092.0000
483.7004	16076.0000
483.7720	16061.0000
483.8436	16046.0000
483.9152	16031.0000
483.9867	16016.0000
484.0583	16001.0000
484.1299	15986.0000
484.2015	15970.0000
484.2731	15955.0000
484.3447	15940.0000
484.4162	15925.0000
484.4878	15910.0000
484.5594	15895.0000
484.6310	15880.0000
484.7026	15865.0000
484.7742	15850.0000
484.8457	15835.0000
484.9173	15820.0000
484.9889	15805.0000
485.0605	15790.0000
485.1321	15775.0000
485.2037	15760.0000
485.2753	15746.0000
485.3468	15731.0000
485.4170	15716.0000
485.4885	15701.0000
485.5601	15686.0000
485.6317	15671.0000
485.7033	15656.0000
485.7749	15642.0000
485.8465	15627.0000
485.9180	15612.0000
485.9896	15597.0000
486.0612	15582.0000
486.1328	15568.0000
486.2044	15553.0000
486.2760	15538.0000
486.3476	15523.0000
486.4191	15509.0000
486.4907	15494.0000
486.5623	15479.0000
486.6339	15465.0000
486.7055	15450.0000
486.7771	15435.0000
486.8486	15421.0000
486.9202	15406.0000
486.9918	15392.0000
487.0634	15377.0000
487.1350	15362.0000
487.2066	15348.0000
487.2781	15333.0000
487.3497	15319.0000
487.4213	15304.0000
487.4929	15289.0000
487.5645	15275.0000
487.6361	15260.0000
487.7076	15246.0000
487.7792	15231.0000
487.8508	15217.0000
487.9224	15202.0000
487.9940	15188.0000
488.0641	15173.0000
488.1357	15159.0000
488.2073	15144.0000
488.2789	15130.0000
488.3504	15116.0000
488.4220	15101.0000
488.4936	15087.0000
488.5652	15072.0000
488.6368	15058.0000
488.7084	15044.0000
488.7800	15029.0000
488.8515	15015.0000
488.9231	15000.0000
488.9947	14986.0000
489.0663	14972.0000
489.1379	14957.0000
489.2095	14943.0000
489.2810	14929.0000
489.3526	14914.0000
489.4242	14900.0000
489.4958	14886.0000
489.5674	14871.0000
489.6390	14857.0000
489.7105	14843.0000
489.7821	14829.0000
489.8362	14818.0000
489.8771	14810.0000
489.9165	14802.0000
489.9545	14794.0000
489.9925	14787.0000
490.0305	14779.0000
490.0685	14772.0000
490.1064	14764.0000
490.1444	14757.0000
490.1824	14749.0000
490.2204	14742.0000
490.2584	14734.0000
490.2964	14727.0000
490.3343	14719.0000
490.3723	14712.0000
490.4103	14704.0000
490.4483	14697.0000
490.4863	14689.0000
490.5243	14682.0000
490.5622	14674.0000
490.6002	14667.0000
490.6382	14660.0000
490.6747	14652.0000
490.7127	14645.0000
490.7507	14637.0000
490.7887	14630.0000
490.8267	14623.0000
490.8647	14616.0000
490.9026	14608.0000
490.9406	14601.0000
490.9961	14591.0000
491.0356	14583.0000
491.0750	14576.0000
491.1145	14568.0000
491.1539	14561.0000
491.1948	14553.0000
491.2357	14546.0000
491.2766	14538.0000
491.3175	14531.0000
491.3584	14523.0000
491.3993	14516.0000
491.4402	14508.0000
491.4812	14501.0000
491.5221	14493.0000
491.5630	14486.0000
491.6039	14478.0000
491.6448	14471.0000
491.6857	14464.0000
491.7266	14456.0000
491.7675	14449.0000
491.8084	14442.0000
491.8493	14434.0000
491.8902	14427.0000
491.9311	14420.0000
491.9720	14413.0000
492.0129	14406.0000
492.0553	14398.0000
492.0977	14391.0000
492.1400	14383.0000
492.1824	14376.0000
492.2248	14369.0000
492.2671	14361.0000
492.3095	14354.0000
492.3519	14347.0000
492.3942	14340.0000
492.4366	14332.0000
492.4789	14325.0000
492.5213	14318.0000
492.5637	14311.0000
492.6060	14304.0000
492.6484	14296.0000
492.6908	14289.0000
492.7331	14282.0000
492.7770	14275.0000
492.8208	14268.0000
492.8646	14260.0000
492.9085	14253.0000
492.9523	14246.0000
492.9961	14238.0000
493.0399	14231.0000
493.0838	14224.0000
493.1276	14217.0000
493.1714	14210.0000
493.2152	14202.0000
493.2591	14195.0000
493.3029	14188.0000
493.3453	14181.0000
493.3906	14174.0000
493.4358	14166.0000
493.4811	14159.0000
493.5264	14152.0000
493.5717	14145.0000
493.6170	14137.0000
493.6623	14130.0000
493.7076	14123.0000
493.7529	14116.0000
493.7981	14108.0000
493.8434	14101.0000
493.8902	14094.0000
493.9369	14086.0000
493.9837	14079.0000
494.0304	14072.0000
494.0772	14064.0000
494.1239	14057.0000
494.1707	14050.0000
494.2174	14042.0000
494.2642	14035.0000
494.3109	14028.0000
494.3591	14020.0000
494.4073	14013.0000
494.4555	14005.0000
494.5038	13998.0000
494.5520	13990.0000
494.6002	13983.0000
494.6484	13976.0000
494.6966	13968.0000
494.7463	13961.0000
494.7959	13953.0000
494.8456	13945.0000
494.8953	13938.0000
494.9449	13930.0000
494.9946	13923.0000
495.0443	13915.0000
495.0940	13908.0000
495.1451	13900.0000
495.1962	13892.0000
495.2474	13885.0000
495.2985	13877.0000
495.3496	13869.0000
495.4007	13862.0000
495.4519	13854.0000
495.5045	13846.0000
495.5571	13838.0000
495.6097	13830.0000
495.6622	13823.0000
495.7148	13815.0000
495.7674	13807.0000
495.8215	13799.0000
495.8755	13791.0000
495.9296	13783.0000
495.9836	13775.0000
496.0362	13767.0000
496.0918	13759.0000
496.1473	13751.0000
496.2028	13743.0000
496.2583	13735.0000
496.3138	13727.0000
496.3708	13718.0000
496.4278	13710.0000
496.4847	13702.0000
496.5417	13694.0000
496.5987	13685.0000
496.6571	13677.0000
496.7156	13668.0000
496.7740	13660.0000
496.8324	13652.0000
496.8923	13643.0000
496.9522	13634.0000
497.0121	13626.0000
497.0720	13617.0000
497.1334	13608.0000
497.1947	13600.0000
497.2561	13591.0000
497.3189	13582.0000
497.3817	13573.0000
497.4445	13564.0000
497.5074	13555.0000
497.5716	13546.0000
497.6359	13537.0000
497.7002	13528.0000
497.7659	13519.0000
497.8317	13509.0000
497.8974	13500.0000
497.9646	13491.0000
498.0318	13481.0000
498.1005	13472.0000
498.1692	13462.0000
498.2378	13452.0000
498.3079	13443.0000
498.3781	13433.0000
498.4496	13423.0000
498.5212	13413.0000
498.5928	13403.0000
498.6629	13393.0000
498.7345	13383.0000
498.8061	13373.0000
498.8777	13363.0000
498.9493	13353.0000
499.0209	13343.0000
499.0924	13333.0000
499.1640	13324.0000
499.2356	13314.0000
499.3072	13304.0000
499.3788	13294.0000
499.4504	13284.0000
499.5219	13274.0000
499.5935	13265.0000
499.6651	13255.0000
499.7367	13245.0000
499.8083	13235.0000
499.8799	13225.0000
499.9515	13216.0000
500.0230	13206.0000
500.0946	13196.0000
500.1662	13186.0000
500.2378	13177.0000
500.3094	13167.0000
500.3810	13157.0000
500.4525	13148.0000
500.5241	13138.0000
500.5957	13128.0000
500.6673	13119.0000
500.7389	13109.0000
500.8105	13099.0000
500.8820	13090.0000
500.9536	13080.0000
501.0252	13070.0000
501.0968	13061.0000
501.1684	13051.0000
501.2400	13041.0000
501.3101	13032.0000
501.3817	13022.0000
501.4533	13013.0000
501.5248	13003.0000
501.5964	12993.0000
501.6680	12984.0000
501.7396	12974.0000
501.8112	12965.0000
501.8828	12955.0000
501.9543	12945.0000
502.0259	12936.0000
502.0975	12926.0000
502.1691	12917.0000
502.2407	12907.0000
502.3123	12898.0000
502.3839	12888.0000
502.4554	12879.0000
502.5270	12869.0000
502.5986	12860.0000
502.6702	12850.0000
502.7418	12841.0000
502.8134	12831.0000
502.8849	12822.0000
502.9565	12812.0000
503.0281	12803.0000
503.0997	12793.0000
503.1713	12784.0000
503.2429	12774.0000
503.3144	12765.0000
503.3860	12755.0000
503.4576	12746.0000
503.5292	12737.0000
503.6008	12727.0000
503.6724	12718.0000
503.7439	12708.0000
503.8155	12699.0000
503.8871	12689.0000
503.9572	12680.0000
504.0288	12671.0000
504.1004	12661.0000
504.1720	12652.0000
504.2436	12642.0000
504.3152	12633.0000
504.3867	12624.0000
504.4583	12614.0000
504.5299	12605.0000
504.6015	12595.0000
504.6731	12586.0000
504.7447	12577.0000
504.8162	12567.0000
504.8878	12558.0000
504.9594	12549.0000
505.0310	12539.0000
505.1026	12530.0000
505.1742	12520.0000
505.2458	12511.0000
505.3173	12502.0000
505.3889	12492.0000
505.4605	12483.0000
505.5321	12474.0000
505.6037	12464.0000
505.6753	12455.0000
505.7468	12446.0000
505.8184	12436.0000
505.8900	12427.0000
505.9616	12418.0000
506.0332	12409.0000
506.1048	12399.0000
506.1763	12390.0000
506.2479	12381.0000
506.3195	12371.0000
506.3911	12362.0000
506.4627	12353.0000
506.5343	12343.0000
506.6059	12334.0000
506.6760	12325.0000
506.7476	12316.0000
506.8191	12306.0000
506.8907	12297.0000
506.9623	12288.0000
507.0339	12278.0000
507.1055	12269.0000
507.1771	12260.0000
507.2486	12251.0000
507.3202	12241.0000
507.3918	12232.0000
507.4634	12223.0000
507.5350	12214.0000
507.6066	12204.0000
507.6782	12195.0000
507.7497	12186.0000
507.8213	12177.0000
507.8929	12167.0000
507.9645	12158.0000
508.0361	12149.0000
508.1077	12140.0000
508.1792	12130.0000
508.2508	12121.0000
508.3224	12112.0000
508.3940	12103.0000
508.4656	12094.0000
508.5372	12084.0000
508.6087	12075.0000
508.6803	12066.0000
508.7519	12057.0000
508.8235	12047.0000
508.8951	12038.0000
508.9667	12029.0000
509.0383	12020.0000
509.1098	12011.0000
509.1814	12001.0000
509.2530	11992.0000
509.3231	11983.0000
509.3947	11974.0000
509.4663	11965.0000
509.5379	11956.0000
509.6095	11946.0000
509.6810	11937.0000
509.7526	11928.0000
509.8242	11919.0000
509.8958	11910.0000
509.9674	11900.0000
510.0390	11891.0000
510.1106	11882.0000
510.1821	11873.0000
510.2537	11864.0000
510.3253	11855.0000
510.3969	11845.0000
510.4685	11836.0000
510.5401	11827.0000
510.6116	11818.0000
510.6832	11809.0000
510.7548	11800.0000
510.8264	11790.0000
510.8980	11781.0000
510.9696	11772.0000
511.0411	11763.0000
511.1127	11754.0000
511.1843	11745.0000
511.2559	11736.0000
511.3275	11726.0000
511.3991	11717.0000
511.4706	11708.0000
511.5422	11699.0000
511.6138	11690.0000
511.6854	11681.0000
511.7570	11672.0000
511.8286	11663.0000
511.9002	11653.0000
511.9703	11644.0000
512.0419	11635.0000
512.1134	11626.0000
512.1850	11617.0000
512.2566	11608.0000
512.3282	11599.0000
512.3998	11590.0000
512.4714	11580.0000
512.5429	11571.0000
512.6145	11562.0000
512.6861	11553.0000
512.7577	11544.0000
512.8293	11535.0000
512.9009	11526.0000
512.9725	11517.0000
513.0440	11508.0000
513.1156	11499.0000
513.1872	11489.0000
513.2588	11480.0000
513.3304	11471.0000
513.4020	11462.0000
513.4735	11453.0000
513.5451	11444.0000
513.6167	11435.0000
513.6883	11426.0000
513.7599	11417.0000
513.8315	11408.0000
513.9030	11399.0000
513.9746	11390.0000
514.0462	11380.0000
514.1178	11371.0000
514.1894	11362.0000
514.2610	11353.0000
514.3326	11344.0000
514.4041	11335.0000
514.4757	11326.0000
514.5473	11317.0000
514.6174	11308.0000
514.6890	11299.0000
514.7606	11290.0000
514.8322	11281.0000
514.9038	11272.0000
514.9753	11263.0000
515.0469	11254.0000
515.1185	11245.0000
515.1901	11236.0000
515.2617	11226.0000
515.3333	11217.0000
515.4049	11208.0000
515.4764	11199.0000
515.5480	11190.0000
515.6196	11181.0000
515.6912	11172.0000
515.7628	11163.0000
515.8344	11154.0000
515.9059	11145.0000
515.9775	11136.0000
516.0491	11127.0000
516.1207	11118.0000
516.1923	11109.0000
516.2639	11100.0000
516.3354	11091.0000
516.4070	11082.0000
516.4786	11073.0000
516.5502	11064.0000
516.6218	11055.0000
516.6934	11046.0000
516.7650	11037.0000
516.8365	11028.0000
516.9081	11019.0000
516.9797	11010.0000
517.0513	11001.0000
517.1229	10992.0000
517.1945	10983.0000
517.2646	10974.0000
517.3362	10965.0000
517.4077	10956.0000
517.4793	10947.0000
517.5509	10938.0000
517.6225	10929.0000
517.6941	10920.0000
517.7657	10911.0000
517.8373	10902.0000
517.9088	10893.0000
517.9804	10884.0000
518.0520	10875.0000
518.1236	10866.0000
518.1952	10857.0000
518.2668	10848.0000
518.3383	10839.0000
518.4099	10830.0000
518.4815	10821.0000
518.5531	10812.0000
518.6247	10803.0000
518.6963	10794.0000
518.7678	10785.0000
518.8394	10776.0000
518.9110	10767.0000
518.9826	10758.0000
519.0542	10749.0000
519.1258	10740.0000
519.1973	10731.0000
519.2689	10722.0000
519.3405	10713.0000
519.4121	10704.0000
519.4837	10695.0000
519.5553	10686.0000
519.6269	10677.0000
519.6984	10668.0000
519.7700	10659.0000
519.8416	10650.0000
519.9117	10641.0000
519.9833	10633.0000
520.0549	10624.0000
520.1265	10615.0000
520.1981	10606.0000
520.2696	10597.0000
520.3412	10588.0000
520.4128	10579.0000
520.4844	10570.0000
520.5560	10561.0000
520.6276	10552.0000
520.6992	10543.0000
520.7707	10534.0000
520.8423	10525.0000
520.9139	10516.0000
520.9855	10507.0000
521.0571	10498.0000
521.1287	10489.0000
521.2002	10481.0000
521.2718	10472.0000
521.3434	10463.0000
521.4150	10454.0000
521.4866	10445.0000
521.5582	10436.0000
521.6297	10427.0000
521.7013	10418.0000
521.7729	10409.0000
521.8445	10400.0000
521.9161	10391.0000
521.9877	10382.0000
522.0593	10373.0000
522.1308	10365.0000
522.2024	10356.0000
522.2740	10347.0000
522.3456	10338.0000
522.4172	10329.0000
522.4888	10320.0000
522.5603	10311.0000
522.6305	10302.0000
522.7020	10293.0000
522.7736	10284.0000
522.8452	10275.0000
522.9168	10267.0000
522.9884	10258.0000
523.0600	10249.0000
523.1316	10240.0000
523.2031	10231.0000
523.2747	10222.0000
523.3463	10213.0000
523.4179	10204.0000
523.4895	10195.0000
523.5611	10187.0000
523.6326	10178.0000
523.7042	10169.0000
523.7758	10160.0000
523.8474	10151.0000
523.9190	10142.0000
523.9906	10133.0000
524.0621	10124.0000
524.1337	10115.0000
524.2053	10107.0000
524.2769	10098.0000
524.3485	10089.0000
524.4201	10080.0000
524.4917	10071.0000
524.5632	10062.0000
524.6348	10053.0000
524.7064	10044.0000
524.7780	10036.0000
524.8496	10027.0000
524.9212	10018.0000
524.9927	10009.0000
525.0643	10000.0000
525.1359	9991.0000
525.2075	9982.0000
525.2791	9974.0000
525.3507	9965.0000
525.4222	9956.0000
525.4938	9947.0000
525.5654	9938.0000
525.6370	9929.0000
525.7086	9921.0000
525.7802	9912.0000
525.8517	9903.0000
525.9233	9894.0000
525.9949	9885.0000
526.0665	9877.0000
526.1381	9868.0000
526.2097	9859.0000
526.2813	9850.0000
526.3528	9841.0000
526.4244	9833.0000
526.4960	9824.0000
526.5676	9815.0000
526.6392	9806.0000
526.7108	9798.0000
526.7823	9789.0000
526.8539	9780.0000
526.9255	9771.0000
526.9971	9762.0000
527.0687	9754.0000
527.1403	9745.0000
527.2118	9736.0000
527.2834	9727.0000
527.3550	9718.0000
527.4266	9710.0000
527.4982	9701.0000
527.5698	9692.0000
527.6414	9683.0000
527.7129	9675.0000
527.7845	9666.0000
527.8561	9657.0000
527.9277	9648.0000
527.9993	9640.0000
528.0709	9631.0000
528.1424	9622.0000
528.2140	9613.0000
528.2856	9605.0000
528.3572	9596.0000
528.4288	9587.0000
528.5004	9578.0000
528.5719	9570.0000
528.6435	9561.0000
528.7151	9552.0000
528.7867	9543.0000
528.8583	9535.0000
528.9299	9526.0000
529.0014	9517.0000
529.0730	9508.0000
529.1446	9500.0000
529.2162	9491.0000
529.2878	9482.0000
529.3594	9473.0000
529.4310	9465.0000
529.5025	9456.0000
529.5741	9447.0000
529.6457	9438.0000
529.7173	9429.0000
529.7889	9420.0000
529.8605	9411.0000
529.9320	9402.0000
530.0036	9393.0000
530.0752	9384.0000
530.1468	9374.0000
530.2184	9365.0000
530.2900	9356.0000
530.3615	9346.0000
530.4331	9336.0000
530.5047	9327.0000
530.5763	9317.0000
530.6479	9308.0000
530.7195	9298.0000
530.7911	9288.0000
530.8626	9278.0000
530.9342	9268.0000
531.0058	9258.0000
531.0774	9248.0000
531.1490	9238.0000
531.2206	9228.0000
531.2921	9217.0000
531.3637	9207.0000
531.4353	9197.0000
531.5069	9186.0000
531.5785	9176.0000
531.6501	9165.0000
531.7216	9155.0000
531.7932	9144.0000
531.8648	9134.0000
531.9364	9123.0000
532.0080	9112.0000
532.0796	9101.0000
532.1511	9090.0000
532.2227	9080.0000
532.2943	9069.0000
532.3659	9058.0000
532.4375	9046.0000
532.5091	9035.0000
532.5807	9024.0000
532.6522	9013.0000
532.7238	9002.0000
532.7954	8991.0000
532.8670	8979.0000
532.9386	8968.0000
533.0102	8957.0000
533.0817	8945.0000
533.1533	8934.0000
533.2249	8922.0000
533.2965	8911.0000
533.3681	8899.0000
533.4397	8888.0000
533.5112	8876.0000
533.5828	8864.0000
533.6544	8853.0000
533.7348	8839.0000
533.8078	8827.0000
533.8809	8816.0000
533.9539	8804.0000
534.0269	8793.0000
534.1000	8781.0000
534.1730	8770.0000
534.2461	8758.0000
534.3191	8747.0000
534.3922	8736.0000
534.4754	8724.0000
534.5485	8713.0000
534.6215	8702.0000
534.6946	8692.0000
534.7676	8682.0000
534.8421	8672.0000
534.9181	8661.0000
534.9926	8651.0000
535.0671	8641.0000
535.1416	8632.0000
535.2161	8622.0000
535.3052	8611.0000
535.3797	8601.0000
535.4542	8592.0000
535.5273	8584.0000
535.6003	8575.0000
535.6734	8566.0000
535.7464	8558.0000
535.8209	8549.0000
535.8954	8541.0000
535.9729	8532.0000
536.0503	8524.0000
536.1248	8515.0000
536.1993	8507.0000
536.2753	8499.0000
536.3658	8490.0000
536.4433	8481.0000
536.5178	8474.0000
536.5923	8466.0000
536.6668	8458.0000
536.7413	8451.0000
536.8158	8443.0000
536.8903	8436.0000
536.9663	8428.0000
537.0466	8421.0000
537.1314	8412.0000
537.2088	8405.0000
537.2862	8397.0000
537.3651	8390.0000
537.4732	8380.0000
537.5506	8372.0000
537.6266	8365.0000
537.7011	8358.0000
537.7756	8352.0000
537.8501	8345.0000
537.9261	8338.0000
538.0021	8331.0000
538.0809	8324.0000
538.1993	8314.0000
538.2825	8306.0000
538.3644	8299.0000
538.4520	8291.0000
538.5543	8282.0000
538.6346	8275.0000
538.7121	8269.0000
538.7880	8262.0000
538.8640	8256.0000
538.9400	8249.0000
539.0174	8243.0000
539.0963	8236.0000
539.1825	8229.0000
539.3037	8219.0000
539.3958	8211.0000
539.4907	8203.0000
539.6149	8193.0000
539.7011	8186.0000
539.7814	8180.0000
539.8603	8173.0000
539.9392	8167.0000
540.0196	8160.0000
540.0999	8154.0000
540.1846	8147.0000
540.2884	8139.0000
540.4228	8128.0000
540.5396	8119.0000
540.6828	8108.0000
540.7763	8100.0000
540.8625	8094.0000
540.9458	8087.0000
541.0276	8081.0000
541.1108	8074.0000
541.1970	8067.0000
541.2920	8060.0000
541.4366	8049.0000
541.5813	8038.0000
541.7259	8027.0000
541.8340	8018.0000
541.9275	8011.0000
542.0166	8005.0000
542.1043	7998.0000
542.1934	7991.0000
542.2883	7984.0000
542.4037	7975.0000
542.5250	7966.0000
542.6024	7960.0000
542.6769	7955.0000
542.7514	7949.0000
542.8259	7944.0000
542.8990	7938.0000
542.9720	7933.0000
543.0451	7927.0000
543.1181	7922.0000
543.1912	7917.0000
543.2657	7912.0000
543.3402	7907.0000
543.4161	7901.0000
543.5067	7895.0000
543.5827	7891.0000
543.6587	7886.0000
543.7332	7881.0000
543.8077	7877.0000
543.8822	7872.0000
543.9567	7868.0000
544.0312	7863.0000
544.1057	7859.0000
544.1802	7855.0000
544.2562	7850.0000
544.3336	7846.0000
544.4709	7838.0000
544.5527	7834.0000
544.6316	7830.0000
544.7105	7825.0000
544.7909	7821.0000
544.8785	7817.0000
544.9735	7812.0000
545.0524	7808.0000
545.1298	7804.0000
545.2058	7800.0000
545.2817	7796.0000
545.3562	7793.0000
545.4307	7789.0000
545.5052	7786.0000
545.5797	7782.0000
545.6557	7779.0000
545.7317	7775.0000
545.8091	7772.0000
545.8895	7768.0000
546.0092	7762.0000
546.0911	7759.0000
546.1699	7755.0000
546.2474	7752.0000
546.3248	7748.0000
546.4022	7745.0000
546.4811	7741.0000
546.5658	7738.0000
546.6740	7733.0000
546.7558	7729.0000
546.8332	7726.0000
546.9106	7723.0000
546.9866	7720.0000
547.0626	7717.0000
547.1385	7713.0000
547.2145	7710.0000
547.2919	7707.0000
547.3693	7704.0000
547.4497	7701.0000
547.5578	7696.0000
547.6469	7693.0000
547.7273	7689.0000
547.8062	7686.0000
547.8836	7683.0000
547.9610	7680.0000
548.0399	7677.0000
548.1188	7673.0000
548.2021	7670.0000
548.3306	7665.0000
548.4139	7662.0000
548.4928	7659.0000
548.5702	7656.0000
548.6476	7653.0000
548.7251	7650.0000
548.8025	7647.0000
548.8799	7644.0000
548.9588	7641.0000
549.0406	7638.0000
549.1852	7632.0000
549.2744	7629.0000
549.3547	7625.0000
549.4351	7622.0000
549.5139	7619.0000
549.5928	7616.0000
549.6732	7613.0000
549.7550	7610.0000
549.8441	7607.0000
549.9668	7602.0000
550.0530	7599.0000
550.1348	7596.0000
550.2137	7593.0000
550.2926	7590.0000
550.3715	7587.0000
550.4504	7584.0000
550.5307	7581.0000
550.6125	7578.0000
550.7017	7575.0000
550.8302	7570.0000
550.9179	7567.0000
551.0011	7564.0000
551.0815	7561.0000
551.1618	7558.0000
551.2422	7555.0000
551.3240	7552.0000
551.4087	7548.0000
551.5008	7545.0000
551.6454	7540.0000
551.7623	7535.0000
551.8718	7531.0000
552.0150	7526.0000
552.1231	7522.0000
552.2122	7519.0000
552.2955	7516.0000
552.3758	7513.0000
552.4547	7510.0000
552.5336	7507.0000
552.6125	7505.0000
552.6899	7502.0000
552.7688	7499.0000
552.8477	7496.0000
552.9281	7494.0000
553.0099	7491.0000
553.0946	7488.0000
553.1896	7485.0000
553.3342	7480.0000
553.4408	7476.0000
553.5387	7473.0000
553.6381	7470.0000
553.7549	7466.0000
553.8996	7461.0000
554.0004	7458.0000
554.0909	7456.0000
554.1771	7453.0000
554.2619	7450.0000
554.3466	7448.0000
554.4313	7445.0000
554.5175	7443.0000
554.6081	7440.0000
554.7162	7437.0000
554.8579	7433.0000
554.9543	7430.0000
555.0435	7428.0000
555.1296	7425.0000
555.2144	7423.0000
555.2991	7421.0000
555.3838	7418.0000
555.4700	7416.0000
555.5606	7414.0000
555.6600	7411.0000
555.8046	7408.0000
555.9390	7404.0000
556.0471	7402.0000
556.1508	7399.0000
556.2589	7397.0000
556.4036	7393.0000
556.5438	7390.0000
556.6446	7388.0000
556.7366	7386.0000
556.8243	7384.0000
556.9105	7382.0000
556.9952	7380.0000
557.0799	7378.0000
557.1647	7377.0000
557.2509	7375.0000
557.3385	7373.0000
557.4335	7371.0000
557.5431	7369.0000
557.6877	7366.0000
557.8323	7363.0000
557.9550	7361.0000
558.0836	7358.0000
558.2282	7356.0000
558.3728	7353.0000
558.4795	7351.0000
558.5759	7349.0000
558.6679	7348.0000
558.7571	7346.0000
558.8447	7345.0000
558.9324	7343.0000
559.0215	7341.0000
559.1106	7340.0000
559.1997	7338.0000
559.2888	7337.0000
559.3794	7336.0000
559.4700	7334.0000
559.5606	7333.0000
559.6526	7331.0000
559.7461	7330.0000
559.8410	7328.0000
559.9389	7326.0000
560.0383	7325.0000
560.1420	7323.0000
560.2516	7322.0000
560.3670	7320.0000
560.4882	7318.0000
560.6139	7316.0000
560.7424	7314.0000
560.8695	7312.0000
560.9937	7310.0000
561.1164	7308.0000
561.2377	7306.0000
561.3589	7305.0000
561.4831	7303.0000
561.6146	7301.0000
561.7592	7299.0000
561.9038	7296.0000
562.0485	7294.0000
562.1931	7292.0000
562.3377	7290.0000
562.4824	7288.0000
562.6255	7286.0000
562.7702	7284.0000
562.9148	7281.0000
563.0594	7279.0000
563.2040	7277.0000
563.3487	7275.0000
563.4933	7273.0000
563.6379	7271.0000
563.7826	7269.0000
563.9272	7267.0000
564.0718	7265.0000
564.2164	7262.0000
564.3611	7260.0000
564.5057	7258.0000
564.6503	7256.0000
564.7950	7254.0000
564.9396	7252.0000
565.0842	7250.0000
565.2288	7248.0000
565.3720	7246.0000
565.5166	7243.0000
565.6613	7241.0000
565.8059	7239.0000
565.9505	7237.0000
566.0952	7235.0000
566.2398	7233.0000
566.3844	7231.0000
566.5290	7229.0000
566.6737	7227.0000
566.8183	7224.0000
566.9629	7222.0000
567.1076	7220.0000
567.2522	7218.0000
567.3968	7216.0000
567.5415	7214.0000
567.6861	7212.0000
567.8307	7210.0000
567.9739	7208.0000
568.1185	7206.0000
568.2631	7203.0000
568.4078	7201.0000
568.5524	7199.0000
568.6970	7197.0000
568.8417	7195.0000
568.9863	7193.0000
569.1309	7191.0000
569.2755	7189.0000
569.4202	7187.0000
569.5648	7185.0000
569.7094	7182.0000
569.8541	7180.0000
569.9987	7178.0000
570.1433	7176.0000
570.2879	7174.0000
570.4326	7172.0000
570.5772	7170.0000
570.7204	7168.0000
570.8650	7166.0000
571.0096	7164.0000
571.1543	7161.0000
571.2989	7159.0000
571.4435	7157.0000
571.5881	7155.0000
571.7328	7153.0000
571.8774	7151.0000
572.0220	7149.0000
572.1667	7147.0000
572.3113	7145.0000
572.4559	7143.0000
572.6005	7140.0000
572.7452	7138.0000
572.8898	7136.0000
573.0344	7134.0000
573.1791	7132.0000
573.3222	7130.0000
573.4669	7128.0000
573.6115	7126.0000
573.7561	7124.0000
573.9007	7122.0000
574.0454	7119.0000
574.1900	7117.0000
574.3346	7115.0000
574.4793	7113.0000
574.6239	7111.0000
574.7685	7109.0000
574.9132	7107.0000
575.0578	7105.0000
575.2024	7103.0000
575.3470	7101.0000
575.4917	7098.0000
575.6363	7096.0000
575.7809	7094.0000
575.9241	7092.0000
576.0687	7090.0000
576.2134	7088.0000
576.3580	7086.0000
576.5026	7084.0000
576.6472	7082.0000
576.7919	7080.0000
576.9365	7077.0000
577.0811	7075.0000
577.2258	7073.0000
577.3704	7071.0000
577.5150	7069.0000
577.6596	7067.0000
577.8043	7065.0000
577.9489	7063.0000
578.0935	7061.0000
578.2382	7059.0000
578.3828	7056.0000
578.5274	7054.0000
578.6706	7052.0000
578.8152	7050.0000
578.9598	7048.0000
579.1045	7046.0000
579.2491	7044.0000
579.3937	7042.0000
579.5384	7040.0000
579.6830	7038.0000
579.8276	7035.0000
579.9722	7033.0000
580.1169	7031.0000
580.2615	7029.0000
580.4061	7027.0000
580.5508	7025.0000
580.6954	7023.0000
580.8400	7021.0000
580.9847	7019.0000
581.1293	7017.0000
581.2725	7015.0000
581.4171	7012.0000
581.5617	7010.0000
581.7063	7008.0000
581.8510	7006.0000
581.9956	7004.0000
582.1402	7002.0000
582.2849	7000.0000
582.4295	6998.0000
582.5741	6996.0000
582.7187	6994.0000
582.8634	6991.0000
583.0080	6989.0000
583.1526	6987.0000
583.2973	6985.0000
583.4419	6983.0000
583.5865	6981.0000
583.7311	6979.0000
583.8758	6977.0000
584.0189	6975.0000
584.1636	6973.0000
584.3082	6971.0000
584.4528	6968.0000
584.5975	6966.0000
584.7421	6964.0000
584.8867	6962.0000
585.0313	6960.0000
585.1760	6958.0000
585.3206	6956.0000
585.4652	6954.0000
585.6099	6952.0000
585.7545	6950.0000
585.8991	6947.0000
586.0438	6945.0000
586.1884	6943.0000
586.3330	6941.0000
586.4776	6939.0000
586.6208	6937.0000
586.7654	6935.0000
586.9101	6933.0000
587.0547	6931.0000
587.1993	6929.0000
587.3440	6927.0000
587.4886	6924.0000
587.6332	6922.0000
587.7778	6920.0000
587.9225	6918.0000
588.0671	6916.0000
588.2117	6914.0000
588.3564	6912.0000
588.5010	6910.0000
588.6456	6908.0000
588.7902	6906.0000
588.9349	6904.0000
589.0795	6901.0000
589.2227	6899.0000
589.3673	6897.0000
589.5119	6895.0000
589.6566	6893.0000
589.8012	6891.0000
589.9458	6889.0000
590.0904	6887.0000
590.2351	6885.0000
590.3797	6883.0000
590.5243	6881.0000
590.6690	6878.0000
590.8136	6876.0000
590.9582	6874.0000
591.1028	6872.0000
591.2475	6870.0000
591.3921	6868.0000
591.5367	6866.0000
591.6814	6864.0000
591.8260	6862.0000
591.9692	6860.0000
592.1138	6857.0000
592.2584	6855.0000
592.4030	6853.0000
592.5477	6851.0000
592.6923	6849.0000
592.8369	6847.0000
592.9816	6845.0000
593.1262	6843.0000
593.2708	6841.0000
593.4155	6839.0000
593.5601	6837.0000
593.7047	6834.0000
593.8493	6832.0000
593.9940	6830.0000
594.1386	6828.0000
594.2832	6826.0000
594.4279	6824.0000
594.5710	6822.0000
594.7157	6820.0000
594.8603	6818.0000
595.0049	6816.0000
595.1495	6814.0000
595.2942	6812.0000
595.4388	6809.0000
595.5834	6807.0000
595.7281	6805.0000
595.8727	6803.0000
596.0173	6801.0000
596.1619	6799.0000
596.3066	6797.0000
596.4512	6795.0000
596.5958	6793.0000
596.7405	6791.0000
596.8851	6789.0000
597.0297	6786.0000
597.1743	6784.0000
597.3175	6782.0000
597.4621	6780.0000
597.6068	6778.0000
597.7514	6776.0000
597.8960	6774.0000
598.0407	6772.0000
598.1853	6770.0000
598.3299	6768.0000
598.4745	6766.0000
598.6192	6763.0000
598.7638	6761.0000
598.9084	6759.0000
599.0531	6757.0000
599.1977	6755.0000
599.3423	6753.0000
599.4870	6751.0000
599.6316	6749.0000
599.7762	6747.0000
599.9194	6745.0000
600.0640	6743.0000
600.2086	6740.0000
600.3533	6738.0000
600.4979	6736.0000
600.6425	6734.0000
600.7872	6732.0000
600.9318	6730.0000
601.0764	6728.0000
601.2210	6726.0000
601.3657	6724.0000
601.5103	6722.0000
601.6549	6720.0000
601.7996	6718.0000
601.9442	6715.0000
602.0888	6713.0000
602.2334	6711.0000
602.3781	6709.0000
602.5212	6707.0000
602.6659	6705.0000
602.8105	6703.0000
602.9551	6701.0000
603.0998	6699.0000
603.2444	6697.0000
603.3890	6695.0000
603.5336	6693.0000
603.6783	6690.0000
603.8229	6688.0000
603.9675	6686.0000
604.1122	6684.0000
604.2568	6682.0000
604.4014	6680.0000
604.5460	6678.0000
604.6907	6676.0000
604.8353	6674.0000
604.9799	6672.0000
605.1246	6670.0000
605.2677	6667.0000
605.4124	6665.0000
605.5570	6663.0000
605.7016	6661.0000
605.8462	6659.0000
605.9909	6657.0000
606.1355	6655.0000
606.2801	6653.0000
606.4248	6651.0000
606.5694	6649.0000
606.7140	6647.0000
606.8587	6645.0000
607.0033	6642.0000
607.1479	6640.0000
607.2925	6638.0000
607.4372	6636.0000
607.5818	6634.0000
607.7264	6632.0000
607.8696	6630.0000
608.0142	6628.0000
608.1589	6626.0000
608.3035	6624.0000
608.4481	6622.0000
608.5927	6620.0000
608.7374	6617.0000
608.8820	6615.0000
609.0266	6613.0000
609.1713	6611.0000
609.3159	6609.0000
609.4605	6607.0000
609.6051	6605.0000
609.7498	6603.0000
609.8944	6601.0000
610.0390	6599.0000
610.1837	6597.0000
610.3283	6595.0000
610.4715	6592.0000
610.6161	6590.0000
610.7607	6588.0000
610.9053	6586.0000
611.0500	6584.0000
611.1946	6582.0000
611.3392	6580.0000
611.4839	6578.0000
611.6285	6576.0000
611.7731	6574.0000
611.9178	6572.0000
612.0624	6570.0000
612.2070	6567.0000
612.3516	6565.0000
612.4963	6563.0000
612.6409	6561.0000
612.7855	6559.0000
612.9302	6557.0000
613.0748	6555.0000
613.2180	6553.0000
613.3626	6551.0000
613.5072	6549.0000
613.6518	6547.0000
613.7965	6545.0000
613.9411	6542.0000
614.0857	6540.0000
614.2304	6538.0000
614.3750	6536.0000
614.5196	6534.0000
614.6642	6532.0000
614.8089	6530.0000
614.9535	6528.0000
615.0981	6526.0000
615.2428	6524.0000
615.3874	6522.0000
615.5320	6520.0000
615.6766	6518.0000
615.8198	6515.0000
615.9644	6513.0000
616.1091	6511.0000
616.2537	6509.0000
616.3983	6507.0000
616.5430	6505.0000
616.6876	6503.0000
616.8322	6501.0000
616.9768	6499.0000
617.1215	6497.0000
617.2661	6495.0000
617.4107	6493.0000
617.5554	6490.0000
617.7000	6488.0000
617.8446	6486.0000
617.9893	6484.0000
618.1339	6482.0000
618.2785	6480.0000
618.4231	6478.0000
618.5663	6476.0000
618.7109	6474.0000
618.8556	6472.0000
619.0002	6470.0000
619.1448	6468.0000
619.2895	6466.0000
619.4341	6463.0000
619.5787	6461.0000
619.7233	6459.0000
619.8680	6457.0000
620.0126	6455.0000
620.1572	6453.0000
620.3019	6451.0000
620.4465	6449.0000
620.5911	6447.0000
620.7357	6445.0000
620.8804	6443.0000
621.0250	6441.0000
621.1682	6439.0000
621.3128	6436.0000
621.4574	6434.0000
621.6021	6432.0000
621.7467	6430.0000
621.8913	6428.0000
622.0359	6426.0000
622.1806	6424.0000
622.3252	6422.0000
622.4698	6420.0000
622.6145	6418.0000
622.7591	6416.0000
622.9037	6414.0000
623.0483	6412.0000
623.1930	6409.0000
623.3376	6407.0000
623.4822	6405.0000
623.6269	6403.0000
623.7700	6401.0000
623.9147	6399.0000
624.0593	6397.0000
624.2039	6395.0000
624.3485	6393.0000
624.4932	6391.0000
624.6378	6389.0000
624.7824	6387.0000
624.9271	6385.0000
625.0717	6382.0000
625.2163	6380.0000
625.3610	6378.0000
625.5056	6376.0000
625.6502	6374.0000
625.7948	6372.0000
625.9395	6370.0000
626.0841	6368.0000
626.2287	6366.0000
626.3734	6364.0000
626.5165	6362.0000
626.6612	6360.0000
626.8058	6358.0000
626.9504	6355.0000
627.0950	6353.0000
627.2397	6351.0000
627.3843	6349.0000
627.5289	6347.0000
627.6736	6345.0000
627.8182	6343.0000
627.9628	6341.0000
628.1074	6339.0000
628.2521	6337.0000
628.3967	6335.0000
628.5413	6333.0000
628.6860	6331.0000
628.8306	6328.0000
628.9752	6326.0000
629.1184	6324.0000
629.2630	6322.0000
629.4076	6320.0000
629.5523	6318.0000
629.6969	6316.0000
629.8415	6314.0000
629.9862	6312.0000
630.1308	6310.0000
630.2754	6308.0000
630.4200	6306.0000
630.5647	6304.0000
630.7093	6302.0000
630.8539	6299.0000
630.9986	6297.0000
631.1432	6295.0000
631.2878	6293.0000
631.4325	6291.0000
631.5771	6289.0000
631.7217	6287.0000
631.8649	6285.0000
632.0095	6283.0000
632.1541	6281.0000
632.2988	6279.0000
632.4434	6277.0000
632.5880	6275.0000
632.7327	6273.0000
632.8773	6270.0000
633.0219	6268.0000
633.1665	6266.0000
633.3112	6264.0000
633.4558	6262.0000
633.6004	6260.0000
633.7451	6258.0000
633.8897	6256.0000
634.0343	6254.0000
634.1789	6252.0000
634.3236	6250.0000
634.4667	6248.0000
634.6114	6246.0000
634.7560	6244.0000
634.9006	6241.0000
635.0453	6239.0000
635.1899	6237.0000
635.3345	6235.0000
635.4791	6233.0000
635.6238	6231.0000
635.7684	6229.0000
635.9130	6227.0000
636.0577	6225.0000
636.2023	6223.0000
636.3469	6221.0000
636.4915	6219.0000
636.6362	6217.0000
636.7808	6215.0000
636.9254	6212.0000
637.0686	6210.0000
637.2132	6208.0000
637.3579	6206.0000
637.5025	6204.0000
637.6471	6202.0000
637.7918	6200.0000
637.9364	6198.0000
638.0810	6196.0000
638.2256	6194.0000
638.3703	6192.0000
638.5149	6190.0000
638.6595	6188.0000
638.8042	6186.0000
638.9488	6183.0000
639.0934	6181.0000
639.2380	6179.0000
639.3827	6177.0000
639.5273	6175.0000
639.6719	6173.0000
639.8151	6171.0000
639.9597	6169.0000
640.1044	6167.0000
640.2490	6165.0000
640.3936	6163.0000
640.5382	6161.0000
640.6829	6159.0000
640.8275	6157.0000
640.9721	6154.0000
641.1168	6152.0000
641.2614	6150.0000
641.4060	6148.0000
641.5506	6146.0000
641.6953	6144.0000
641.8399	6142.0000
641.9845	6140.0000
642.1292	6138.0000
642.2738	6136.0000
642.4170	6134.0000
642.5616	6132.0000
642.7062	6130.0000
642.8508	6128.0000
642.9955	6126.0000
643.1401	6123.0000
643.2847	6121.0000
643.4294	6119.0000
643.5740	6117.0000
643.7186	6115.0000
643.8633	6113.0000
644.0079	6111.0000
644.1525	6109.0000
644.2971	6107.0000
644.4418	6105.0000
644.5864	6103.0000
644.7310	6101.0000
644.8757	6099.0000
645.0203	6097.0000
645.1635	6095.0000
645.3081	6092.0000
645.4527	6090.0000
645.5973	6088.0000
645.7420	6086.0000
645.8866	6084.0000
646.0312	6082.0000
646.1759	6080.0000
646.3205	6078.0000
646.4651	6076.0000
646.6097	6074.0000
646.7544	6072.0000
646.8990	6070.0000
647.0436	6068.0000
647.1883	6066.0000
647.3329	6064.0000
647.4775	6061.0000
647.6221	6059.0000
647.7653	6057.0000
647.9099	6055.0000
648.0546	6053.0000
648.1992	6051.0000
648.3438	6049.0000
648.4885	6047.0000
648.6331	6045.0000
648.7777	6043.0000
648.9223	6041.0000
649.0670	6039.0000
649.2116	6037.0000
649.3562	6035.0000
649.5009	6033.0000
649.6455	6030.0000
649.7901	6028.0000
649.9348	6026.0000
650.0794	6024.0000
650.2240	6022.0000
650.3672	6020.0000
650.5118	6018.0000
650.6564	6016.0000
650.8011	6014.0000
650.9457	6012.0000
651.0903	6010.0000
651.2350	6008.0000
651.3796	6006.0000
651.5242	6004.0000
651.6688	6002.0000
651.8135	6000.0000
651.9581	5997.0000
652.1027	5995.0000
652.2474	5993.0000
652.3920	5991.0000
652.5366	5989.0000
652.6812	5987.0000
652.8259	5985.0000
652.9705	5983.0000
653.1137	5981.0000
653.2583	5979.0000
653.4029	5977.0000
653.5476	5975.0000
653.6922	5973.0000
653.8368	5971.0000
653.9814	5969.0000
654.1261	5967.0000
654.2707	5964.0000
654.4153	5962.0000
654.5600	5960.0000
654.7046	5958.0000
654.8492	5956.0000
654.9938	5954.0000
655.1385	5952.0000
655.2831	5950.0000
655.4277	5948.0000
655.5724	5946.0000
655.7155	5944.0000
655.8602	5942.0000
656.0048	5940.0000
656.1494	5938.0000
656.2940	5936.0000
656.4387	5934.0000
656.5833	5931.0000
656.7279	5929.0000
656.8726	5927.0000
657.0172	5925.0000
657.1618	5923.0000
657.3065	5921.0000
657.4511	5919.0000
657.5957	5917.0000
657.7403	5915.0000
657.8850	5913.0000
658.0296	5911.0000
658.1742	5909.0000
658.3189	5907.0000
658.4620	5905.0000
658.6067	5903.0000
658.7513	5901.0000
658.8959	5898.0000
659.0405	5896.0000
659.1852	5894.0000
659.3298	5892.0000
659.4744	5890.0000
659.6191	5888.0000
659.7637	5886.0000
659.9083	5884.0000
660.0529	5882.0000
660.1976	5880.0000
660.3422	5878.0000
660.4868	5876.0000
660.6315	5874.0000
660.7761	5872.0000
660.9207	5870.0000
661.0639	5868.0000
661.2085	5866.0000
661.3531	5863.0000
661.4978	5861.0000
661.6424	5859.0000
661.7870	5857.0000
661.9317	5855.0000
662.0763	5853.0000
662.2209	5851.0000
662.3655	5849.0000
662.5102	5847.0000
662.6548	5845.0000
662.7994	5843.0000
662.9441	5841.0000
663.0887	5839.0000
663.2333	5837.0000
663.3780	5835.0000
663.5226	5833.0000
663.6657	5830.0000
663.8104	5828.0000
663.9550	5826.0000
664.0996	5824.0000
664.2443	5822.0000
664.3889	5820.0000
664.5335	5818.0000
664.6782	5816.0000
664.8228	5814.0000
664.9674	5812.0000
665.1120	5810.0000
665.2567	5808.0000
665.4013	5806.0000
665.5459	5804.0000
665.6906	5802.0000
665.8352	5800.0000
665.9798	5798.0000
666.1244	5796.0000
666.2691	5793.0000
666.4122	5791.0000
666.5569	5789.0000
666.7015	5787.0000
666.8461	5785.0000
666.9908	5783.0000
667.1354	5781.0000
667.2800	5779.0000
667.4246	5777.0000
667.5693	5775.0000
667.7139	5773.0000
667.8585	5771.0000
668.0032	5769.0000
668.1478	5767.0000
668.2924	5765.0000
668.4370	5763.0000
668.5817	5761.0000
668.7263	5758.0000
668.8709	5756.0000
669.0141	5754.0000
669.1587	5752.0000
669.3034	5750.0000
669.4480	5748.0000
669.5926	5746.0000
669.7373	5744.0000
669.8819	5742.0000
670.0265	5740.0000
670.1711	5738.0000
670.3158	5736.0000
670.4604	5734.0000
670.6050	5732.0000
670.7497	5730.0000
670.8943	5728.0000
671.0389	5726.0000
671.1835	5724.0000
671.3282	5721.0000
671.4728	5719.0000
671.6160	5717.0000
671.7606	5715.0000
671.9052	5713.0000
672.0499	5711.0000
672.1945	5709.0000
672.3391	5707.0000
672.4837	5705.0000
672.6284	5703.0000
672.7730	5701.0000
672.9176	5699.0000
673.0623	5697.0000
673.2069	5695.0000
673.3515	5693.0000
673.4961	5691.0000
673.6408	5689.0000
673.7854	5687.0000
673.9300	5685.0000
674.0747	5682.0000
674.2193	5680.0000
674.3625	5678.0000
674.5071	5676.0000
674.6517	5674.0000
674.7963	5672.0000
674.9410	5670.0000
675.0856	5668.0000
675.2302	5666.0000
675.3749	5664.0000
675.5195	5662.0000
675.6641	5660.0000
675.8088	5658.0000
675.9534	5656.0000
676.0980	5654.0000
676.2426	5652.0000
676.3873	5650.0000
676.5319	5648.0000
676.6765	5645.0000
676.8212	5643.0000
676.9643	5641.0000
677.1090	5639.0000
677.2536	5637.0000
677.3982	5635.0000
677.5428	5633.0000
677.6875	5631.0000
677.8321	5629.0000
677.9767	5627.0000
678.1214	5625.0000
678.2660	5623.0000
678.4106	5621.0000
678.5552	5619.0000
678.6999	5617.0000
678.8445	5615.0000
678.9891	5613.0000
679.1338	5611.0000
679.2784	5609.0000
679.4230	5607.0000
679.5676	5604.0000
679.7108	5602.0000
679.8554	5600.0000
680.0001	5598.0000
680.1447	5596.0000
680.2893	5594.0000
680.4340	5592.0000
680.5786	5590.0000
680.7232	5588.0000
680.8678	5586.0000
681.0125	5584.0000
681.1571	5582.0000
681.3017	5580.0000
681.4464	5578.0000
681.5910	5576.0000
681.7356	5574.0000
681.8803	5572.0000
682.0249	5570.0000
682.1695	5568.0000
682.3127	5565.0000
682.4573	5563.0000
682.6019	5561.0000
682.7466	5559.0000
682.8912	5557.0000
683.0358	5555.0000
683.1805	5553.0000
683.3251	5551.0000
683.4697	5549.0000
683.6143	5547.0000
683.7590	5545.0000
683.9036	5543.0000
684.0482	5541.0000
684.1929	5539.0000
684.3375	5537.0000
684.4821	5535.0000
684.6267	5533.0000
684.7714	5531.0000
684.9145	5529.0000
685.0592	5527.0000
685.2038	5524.0000
685.3484	5522.0000
685.4931	5520.0000
685.6377	5518.0000
685.7823	5516.0000
685.9269	5514.0000
686.0716	5512.0000
686.2162	5510.0000
686.3608	5508.0000
686.5055	5506.0000
686.6501	5504.0000
686.7947	5502.0000
686.9393	5500.0000
693.9970	5400.0000
100000.0	5400.0000