;LAP Intertank Orifice Flow Temperatures (R)
#I=0,694,1; C:\0_afc_work\First_Stage_Innertand_Launch_Reentry_Venting_Analysis_using_VISSIM\VISSIM\First_Stage_Innertank_Launch_Reentry_Venting_Analysis_c1d3a1_lin.vsm C:\0_afc_work\First_Stage_Innertand_Launch_Reentry_Venting_Analysis_using_VISSIM\VISSIM\First_Stage_Innertank_Launch_Reentry_Venting_Analysis_c1d3a1_lin.vsm @ Sun Oct 28 12:15:54 2018
0	497.8	497.8	440	497.8	497.8	497.8	497.8	497.8	497.8	497.8	497.8
1	497.72	497.72	440	497.72	497.72	497.72	497.72	497.72	497.72	497.72	497.72
2	497.64	497.64	440	497.64	497.64	497.64	497.64	497.64	497.64	497.64	497.64
3	497.56	497.56	440	497.56	497.56	497.56	497.56	497.56	497.56	497.56	497.56
4	497.48	497.48	440	497.48	497.48	497.48	497.48	497.48	497.48	497.48	497.48
5	497.4	497.4	440	497.4	497.4	497.4	497.4	497.4	497.4	497.4	497.4
6	497.32	497.32	440	497.32	497.32	497.32	497.32	497.32	497.32	497.32	497.32
7	497.24	497.24	440	497.24	497.24	497.24	497.24	497.24	497.24	497.24	497.24
8	497.16	497.16	440	497.16	497.16	497.16	497.16	497.16	497.16	497.16	497.16
9	497.08	497.08	440	497.08	497.08	497.08	497.08	497.08	497.08	497.08	497.08
10	497	497	440	497	497	497	497	497	497	497	497
11	496.75	496.75	440	496.75	496.75	496.75	496.75	496.75	496.75	496.75	496.75
12	496.5	496.5	440	496.5	496.5	496.5	496.5	496.5	496.5	496.5	496.5
13	496.25	496.25	440	496.25	496.25	496.25	496.25	496.25	496.25	496.25	496.25
14	496	496	440	496	496	496	496	496	496	496	496
15	495.75	495.75	440	495.75	495.75	495.75	495.75	495.75	495.75	495.75	495.75
16	495.5	495.5	440	495.5	495.5	495.5	495.5	495.5	495.5	495.5	495.5
17	495.25	495.25	440	495.25	495.25	495.25	495.25	495.25	495.25	495.25	495.25
18	495	495	440	495	495	495	495	495	495	495	495
19	494.75	494.75	440	494.75	494.75	494.75	494.75	494.75	494.75	494.75	494.75
20	494.5	494.5	440	494.5	494.5	494.5	494.5	494.5	494.5	494.5	494.5
21	494.29	494.29	440	494.29	494.29	494.29	494.29	494.29	494.29	494.29	494.29
22	494.08	494.08	440	494.08	494.08	494.08	494.08	494.08	494.08	494.08	494.08
23	493.87	493.87	440	493.87	493.87	493.87	493.87	493.87	493.87	493.87	493.87
24	493.66	493.66	440	493.66	493.66	493.66	493.66	493.66	493.66	493.66	493.66
25	493.45	493.45	440	493.45	493.45	493.45	493.45	493.45	493.45	493.45	493.45
26	493.24	493.24	440	493.24	493.24	493.24	493.24	493.24	493.24	493.24	493.24
27	493.03	493.03	440	493.03	493.03	493.03	493.03	493.03	493.03	493.03	493.03
28	492.82	492.82	440	492.82	492.82	492.82	492.82	492.82	492.82	492.82	492.82
29	492.61	492.61	440	492.61	492.61	492.61	492.61	492.61	492.61	492.61	492.61
30	492.4	492.4	440	492.4	492.4	492.4	492.4	492.4	492.4	492.4	492.4
31	492.4	492.4	440	492.4	492.4	492.4	492.4	492.4	492.4	492.4	492.4
32	492.4	492.4	440	492.4	492.4	492.4	492.4	492.4	492.4	492.4	492.4
33	492.4	492.4	440	492.4	492.4	492.4	492.4	492.4	492.4	492.4	492.4
34	492.4	492.4	440	492.4	492.4	492.4	492.4	492.4	492.4	492.4	492.4
35	492.4	492.4	440	492.4	492.4	492.4	492.4	492.4	492.4	492.4	492.4
36	492.4	492.4	440	492.4	492.4	492.4	492.4	492.4	492.4	492.4	492.4
37	492.4	492.4	440	492.4	492.4	492.4	492.4	492.4	492.4	492.4	492.4
38	492.4	492.4	440	492.4	492.4	492.4	492.4	492.4	492.4	492.4	492.4
39	492.4	492.4	440	492.4	492.4	492.4	492.4	492.4	492.4	492.4	492.4
40	492.4	492.4	440	492.4	492.4	492.4	492.4	492.4	492.4	492.4	492.4
41	492.98	492.98	440	492.98	492.98	492.98	492.98	492.98	492.98	492.98	492.98
42	493.56	493.56	440	493.56	493.56	493.56	493.56	493.56	493.56	493.56	493.56
43	494.14	494.14	440	494.14	494.14	494.14	494.14	494.14	494.14	494.14	494.14
44	494.72	494.72	440	494.72	494.72	494.72	494.72	494.72	494.72	494.72	494.72
45	495.3	495.3	440	495.3	495.3	495.3	495.3	495.3	495.3	495.3	495.3
46	495.88	495.88	440	495.88	495.88	495.88	495.88	495.88	495.88	495.88	495.88
47	496.46	496.46	440	496.46	496.46	496.46	496.46	496.46	496.46	496.46	496.46
48	497.04	497.04	440	497.04	497.04	497.04	497.04	497.04	497.04	497.04	497.04
49	497.62	497.62	440	497.62	497.62	497.62	497.62	497.62	497.62	497.62	497.62
50	498.2	498.2	440	498.2	498.2	498.2	498.2	498.2	498.2	498.2	498.2
51	499.7	499.7	440	499.7	499.7	499.7	499.7	499.7	499.7	499.7	499.7
52	501.2	501.2	440	501.2	501.2	501.2	501.2	501.2	501.2	501.2	501.2
53	502.7	502.7	440	502.7	502.7	502.7	502.7	502.7	502.7	502.7	502.7
54	504.2	504.2	440	504.2	504.2	504.2	504.2	504.2	504.2	504.2	504.2
55	505.7	505.7	440	505.7	505.7	505.7	505.7	505.7	505.7	505.7	505.7
56	507.2	507.2	440	507.2	507.2	507.2	507.2	507.2	507.2	507.2	507.2
57	508.7	508.7	440	508.7	508.7	508.7	508.7	508.7	508.7	508.7	508.7
58	510.2	510.2	440	510.2	510.2	510.2	510.2	510.2	510.2	510.2	510.2
59	511.7	511.7	440	511.7	511.7	511.7	511.7	511.7	511.7	511.7	511.7
60	513.2	513.2	440	513.2	513.2	513.2	513.2	513.2	513.2	513.2	513.2
61	516.29	516.29	440	516.29	516.29	516.29	516.29	516.29	516.29	516.29	515.88
62	519.38	519.38	440	519.38	519.38	519.38	519.38	519.38	519.38	519.38	518.56
63	522.47	522.47	440	522.47	522.47	522.47	522.47	522.47	522.47	522.47	521.24
64	525.56	525.56	440	525.56	525.56	525.56	525.56	525.56	525.56	525.56	523.92
65	528.65	528.65	440	528.65	528.65	528.65	528.65	528.65	528.65	528.65	526.6
66	531.74	531.74	440	531.74	531.74	531.74	531.74	531.74	531.74	531.74	529.28
67	534.83	534.83	440	534.83	534.83	534.83	534.83	534.83	534.83	534.83	531.96
68	537.92	537.92	440	537.92	537.92	537.92	537.92	537.92	537.92	537.92	534.64
69	541.01	541.01	440	541.01	541.01	541.01	541.01	541.01	541.01	541.01	537.32
70	544.1	544.1	440	544.1	544.1	544.1	544.1	544.1	544.1	544.1	540
71	551.68	551.68	440	551.68	551.68	551.68	551.68	551.68	551.68	551.68	545.78
72	559.26	559.26	440	559.26	559.26	559.26	559.26	559.26	559.26	559.26	551.56
73	566.84	566.84	440	566.84	566.84	566.84	566.84	566.84	566.84	566.84	557.34
74	574.42	574.42	440	574.42	574.42	574.42	574.42	574.42	574.42	574.42	563.12
75	582	582	440	582	582	582	582	582	582	582	568.9
76	591.16	591.16	440	591.16	591.16	591.16	591.16	591.16	591.16	591.16	576.28
77	600.32	600.32	440	600.32	600.32	600.32	600.32	600.32	600.32	600.32	583.66
78	609.48	609.48	440	609.48	609.48	609.48	609.48	609.48	609.48	609.48	591.04
79	618.64	618.64	440	618.64	618.64	618.64	618.64	618.64	618.64	618.64	598.42
80	627.8	627.8	440	627.8	627.8	627.8	627.8	627.8	627.8	627.8	605.8
81	638.98	638.98	440	638.98	638.98	638.98	638.98	638.98	638.98	638.98	614.88
82	650.16	650.16	440	650.16	650.16	650.16	650.16	650.16	650.16	650.16	623.96
83	661.34	661.34	440	661.34	661.34	661.34	661.34	661.34	661.34	661.34	633.04
84	672.52	672.52	440	672.52	672.52	672.52	672.52	672.52	672.52	672.52	642.12
85	683.7	683.7	440	683.7	683.7	683.7	683.7	683.7	683.7	683.7	651.2
86	697.36	697.36	440	697.36	697.36	697.36	697.36	697.36	697.36	697.36	661.52
87	711.02	711.02	440	711.02	711.02	711.02	711.02	711.02	711.02	711.02	671.84
88	724.68	724.68	440	724.68	724.68	724.68	724.68	724.68	724.68	724.68	682.16
89	738.34	738.34	440	738.34	738.34	738.34	738.34	738.34	738.34	738.34	692.48
90	752	752	440	752	752	752	752	752	752	752	702.8
91	769.08	769.08	440	769.08	769.08	769.08	769.08	769.08	769.08	769.08	712.6
92	786.16	786.16	440	786.16	786.16	786.16	786.16	786.16	786.16	786.16	722.4
93	803.24	803.24	440	803.24	803.24	803.24	803.24	803.24	803.24	803.24	732.2
94	820.32	820.32	440	820.32	820.32	820.32	820.32	820.32	820.32	820.32	742
95	837.4	837.4	440	837.4	837.4	837.4	837.4	837.4	837.4	837.4	751.8
96	987.74	987.74	440	987.74	987.74	987.74	987.74	987.74	987.74	987.74	780.7
97	1138.1	1138.1	440	1138.1	1138.1	1138.1	1138.1	1138.1	1138.1	1138.1	809.6
98	1288.4	1288.4	1288.4	1288.4	1288.4	1288.4	1288.4	1288.4	1288.4	1288.4	838.5
99	1438.8	1438.8	1438.8	1438.8	1438.8	1438.8	1438.8	1438.8	1438.8	1438.8	867.4
100	1589.1	1589.1	1589.1	1589.1	1589.1	1589.1	1589.1	1589.1	1589.1	1589.1	896.3
101	1618.1	1618.1	440.49	1618.1	1618.1	1618.1	1618.1	1618.1	1618.1	1618.1	899.64
102	1647	1647	440.49	1647	1647	1647	1647	1647	1647	1647	902.98
103	1676	1676	440.49	1676	1676	1676	1676	1676	1676	1676	906.32
104	1704.9	1704.9	440.49	1704.9	1704.9	1704.9	1704.9	1704.9	1704.9	1704.9	909.66
105	1733.9	1733.9	440.49	1733.9	1733.9	1733.9	1733.9	1733.9	1733.9	1733.9	913
106	1762.7	1762.7	440.49	1762.7	1762.7	1762.7	1762.7	1762.7	1762.7	1762.7	915.02
107	1791.5	1791.5	440.49	1791.5	1791.5	1791.5	1791.5	1791.5	1791.5	1791.5	917.04
108	1820.2	1820.2	440.49	1820.2	1820.2	1820.2	1820.2	1820.2	1820.2	1820.2	919.06
109	1849	1849	440.49	1849	1849	1849	1849	1849	1849	1849	921.08
110	1877.8	1877.8	440.49	1877.8	1877.8	1877.8	1877.8	1877.8	1877.8	1877.8	923.1
111	1912.9	1912.9	440.49	1912.9	1912.9	1912.9	1912.9	1912.9	1912.9	1912.9	924.14
112	1948	1948	440.49	1948	1948	1948	1948	1948	1948	1948	925.18
113	1983.2	1983.2	440.49	1983.2	1983.2	1983.2	1983.2	1983.2	1983.2	1983.2	926.22
114	2018.3	2018.3	440.49	2018.3	2018.3	2018.3	2018.3	2018.3	2018.3	2018.3	927.26
115	2053.4	2053.4	440.49	2053.4	2053.4	2053.4	2053.4	2053.4	2053.4	2053.4	928.3
116	2086.3	2086.3	440.49	2086.3	2086.3	2086.3	2086.3	2086.3	2086.3	2086.3	927.8
117	2119.2	2119.2	440.49	2119.2	2119.2	2119.2	2119.2	2119.2	2119.2	2119.2	927.3
118	2152.1	2152.1	440.49	2152.1	2152.1	2152.1	2152.1	2152.1	2152.1	2152.1	926.8
119	2185	2185	440.49	2185	2185	2185	2185	2185	2185	2185	926.3
120	2217.9	2217.9	440.49	2217.9	2217.9	2217.9	2217.9	2217.9	2217.9	2217.9	925.8
121	2253.5	2253.5	440.49	2253.5	2253.5	2253.5	2253.5	2253.5	2253.5	2253.5	921.5
122	2289.1	2289.1	440.49	2289.1	2289.1	2289.1	2289.1	2289.1	2289.1	2289.1	917.2
123	2324.7	2324.7	440.49	2324.7	2324.7	2324.7	2324.7	2324.7	2324.7	2324.7	912.9
124	2360.3	2360.3	440.49	2360.3	2360.3	2360.3	2360.3	2360.3	2360.3	2360.3	908.6
125	2395.9	2395.9	440.49	2395.9	2395.9	2395.9	2395.9	2395.9	2395.9	2395.9	904.3
126	2410.7	2410.7	440.49	2410.7	2410.7	2410.7	2410.7	2410.7	2410.7	2410.7	876.64
127	2425.6	2425.6	440.49	2425.6	2425.6	2425.6	2425.6	2425.6	2425.6	2425.6	848.98
128	2440.4	2440.4	440.49	2440.4	2440.4	2440.4	2440.4	2440.4	2440.4	2440.4	821.32
129	2455.3	2455.3	440.49	2455.3	2455.3	2455.3	2455.3	2455.3	2455.3	2455.3	793.66
130	2463.7	2463.7	440.49	2463.7	2463.7	2463.7	2463.7	2463.7	2463.7	2463.7	778.1
131	2445.6	2445.6	440.49	2445.6	2445.6	2445.6	2445.6	2445.6	2445.6	2445.6	773.04
132	2338.1	2338.1	440.49	2338.1	2338.1	2338.1	2338.1	2338.1	2338.1	2338.1	777.76
133	2230.7	2230.7	440.49	2230.7	2230.7	2230.7	2230.7	2230.7	2230.7	2230.7	782.47
134	2123.2	2123.2	440.49	2123.2	2123.2	2123.2	2123.2	2123.2	2123.2	2123.2	787.19
135	2015.7	2015.7	440.49	2015.7	2015.7	2015.7	2015.7	2015.7	2015.7	2015.7	791.9
136	2030.8	2030.8	2030.8	2030.8	2030.8	2030.8	2030.8	2030.8	2030.8	2030.8	814.44
137	2045.9	2045.9	2045.9	2045.9	2045.9	2045.9	2045.9	2045.9	2045.9	2045.9	836.98
138	2061	2061	2061	2061	2061	2061	2061	2061	2061	2061	859.52
139	2076.1	2076.1	2076.1	2076.1	2076.1	2076.1	2076.1	2076.1	2076.1	2076.1	882.06
140	2091.2	2091.2	2091.2	2091.2	2091.2	2091.2	2091.2	2091.2	2091.2	2091.2	904.6
141	4681.6	4681.6	840.07	4681.6	4681.6	4681.6	4681.6	4681.6	4681.6	4681.6	1454.2
142	4587.8	4587.8	840.07	4587.8	4587.8	4587.8	4587.8	4587.8	4587.8	4587.8	1427.4
143	4558.3	4558.3	840.07	4558.3	4558.3	4558.3	4558.3	4558.3	4558.3	4558.3	1403.8
144	4571.7	4571.7	840.07	4571.7	4571.7	4571.7	4571.7	4571.7	4571.7	4571.7	1382.4
145	4585.1	4585.1	840.07	4585.1	4585.1	4585.1	4585.1	4585.1	4585.1	4585.1	1361.1
146	4598.5	4598.5	840.07	4598.5	4598.5	4598.5	4598.5	4598.5	4598.5	4598.5	1339.7
147	4611.9	4611.9	840.07	4611.9	4611.9	4611.9	4611.9	4611.9	4611.9	4611.9	1318.4
148	4625.3	4625.3	840.07	4625.3	4625.3	4625.3	4625.3	4625.3	4625.3	4625.3	1297
149	4638.7	4638.7	840.07	4638.7	4638.7	4638.7	4638.7	4638.7	4638.7	4638.7	1275.6
150	4652.1	4652.1	840.07	4652.1	4652.1	4652.1	4652.1	4652.1	4652.1	4652.1	1254.3
151	4665.5	4665.5	840.07	4665.5	4665.5	4665.5	4665.5	4665.5	4665.5	4665.5	1232.9
152	4678.9	4678.9	840.07	4678.9	4678.9	4678.9	4678.9	4678.9	4678.9	4678.9	1211.6
153	4692.3	4692.3	840.07	4692.3	4692.3	4692.3	4692.3	4692.3	4692.3	4692.3	1190.2
154	4463.2	4463.2	840.07	4463.2	4463.2	4463.2	4463.2	4463.2	4463.2	4463.2	1137.6
155	3870.6	3870.6	840.07	3870.6	3870.6	3870.6	3870.6	3870.6	3870.6	3870.6	1038
156	3278	3278	840.07	3278	3278	3278	3278	3278	3278	3278	938.37
157	2685.3	2685.3	840.07	2685.3	2685.3	2685.3	2685.3	2685.3	2685.3	2685.3	838.78
158	2092.7	2092.7	840.07	2092.7	2092.7	2092.7	2092.7	2092.7	2092.7	2092.7	739.19
159	1500	1500	840.07	1500	1500	1500	1500	1500	1500	1500	639.59
160	907.4	907.4	840.07	907.4	907.4	907.4	907.4	907.4	907.4	907.4	540
161	930.74	930.74	930.74	930.74	930.74	930.74	930.74	930.74	930.74	930.74	540
162	954.08	954.08	954.08	954.08	954.08	954.08	954.08	954.08	954.08	954.08	540
163	977.42	977.42	977.42	977.42	977.42	977.42	977.42	977.42	977.42	977.42	540
164	1000.8	1000.8	855.12	1000.8	1000.8	1000.8	1000.8	1000.8	1000.8	1000.8	540
165	1024.1	1024.1	855.12	1024.1	1024.1	1024.1	1024.1	1024.1	1024.1	1024.1	540
166	1010.8	1010.8	855.12	1010.8	1010.8	1010.8	1010.8	1010.8	1010.8	1010.8	540
167	997.58	997.58	855.12	997.58	997.58	997.58	997.58	997.58	997.58	997.58	540
168	984.32	984.32	855.12	984.32	984.32	984.32	984.32	984.32	984.32	984.32	540
169	971.06	971.06	855.12	971.06	971.06	971.06	971.06	971.06	971.06	971.06	540
170	957.8	957.8	855.12	957.8	957.8	957.8	957.8	957.8	957.8	957.8	540
171	942.18	942.18	855.12	942.18	942.18	942.18	942.18	942.18	942.18	942.18	540
172	926.56	926.56	855.12	926.56	926.56	926.56	926.56	926.56	926.56	926.56	540
173	910.94	910.94	855.12	910.94	910.94	910.94	910.94	910.94	910.94	910.94	540
174	895.32	895.32	855.12	895.32	895.32	895.32	895.32	895.32	895.32	895.32	540
175	879.7	879.7	855.12	879.7	879.7	879.7	879.7	879.7	879.7	879.7	540
176	864.08	864.08	855.12	864.08	864.08	864.08	864.08	864.08	864.08	864.08	540
177	848.46	848.46	855.12	848.46	848.46	848.46	848.46	848.46	848.46	848.46	540
178	832.84	832.84	855.12	832.84	832.84	832.84	832.84	832.84	832.84	832.84	540
179	817.22	817.22	855.12	817.22	817.22	817.22	817.22	817.22	817.22	817.22	540
180	801.6	801.6	855.12	801.6	801.6	801.6	801.6	801.6	801.6	801.6	540
181	788.76	788.76	855.12	788.76	788.76	788.76	788.76	788.76	788.76	788.76	540
182	775.92	775.92	855.12	775.92	775.92	775.92	775.92	775.92	775.92	775.92	540
183	763.08	763.08	855.12	763.08	763.08	763.08	763.08	763.08	763.08	763.08	540
184	750.24	750.24	855.12	750.24	750.24	750.24	750.24	750.24	750.24	750.24	540
185	737.4	737.4	855.12	737.4	737.4	737.4	737.4	737.4	737.4	737.4	540
186	724.56	724.56	855.12	724.56	724.56	724.56	724.56	724.56	724.56	724.56	540
187	711.72	711.72	855.12	711.72	711.72	711.72	711.72	711.72	711.72	711.72	540
188	698.88	698.88	855.12	698.88	698.88	698.88	698.88	698.88	698.88	698.88	540
189	686.04	686.04	855.12	686.04	686.04	686.04	686.04	686.04	686.04	686.04	540
190	673.2	673.2	855.12	673.2	673.2	673.2	673.2	673.2	673.2	673.2	540
191	665.5	665.5	855.12	665.5	665.5	665.5	665.5	665.5	665.5	665.5	540
192	657.8	657.8	855.12	657.8	657.8	657.8	657.8	657.8	657.8	657.8	540
193	650.1	650.1	855.12	650.1	650.1	650.1	650.1	650.1	650.1	650.1	540
194	642.4	642.4	855.12	642.4	642.4	642.4	642.4	642.4	642.4	642.4	540
195	634.7	634.7	855.12	634.7	634.7	634.7	634.7	634.7	634.7	634.7	540
196	627	627	855.12	627	627	627	627	627	627	627	540
197	619.3	619.3	855.12	619.3	619.3	619.3	619.3	619.3	619.3	619.3	540
198	611.6	611.6	855.12	611.6	611.6	611.6	611.6	611.6	611.6	611.6	540
199	603.9	603.9	855.12	603.9	603.9	603.9	603.9	603.9	603.9	603.9	540
200	596.2	596.2	855.12	596.2	596.2	596.2	596.2	596.2	596.2	596.2	540
201	590.15	590.15	855.12	590.15	590.15	590.15	590.15	590.15	590.15	590.15	539.57
202	584.1	584.1	855.12	584.1	584.1	584.1	584.1	584.1	584.1	584.1	539.14
203	578.05	578.05	855.12	578.05	578.05	578.05	578.05	578.05	578.05	578.05	538.71
204	572	572	855.12	572	572	572	572	572	572	572	538.28
205	565.95	565.95	855.12	565.95	565.95	565.95	565.95	565.95	565.95	565.95	537.85
206	559.9	559.9	855.12	559.9	559.9	559.9	559.9	559.9	559.9	559.9	537.42
207	553.85	553.85	855.12	553.85	553.85	553.85	553.85	553.85	553.85	553.85	536.99
208	547.8	547.8	855.12	547.8	547.8	547.8	547.8	547.8	547.8	547.8	536.56
209	541.75	541.75	855.12	541.75	541.75	541.75	541.75	541.75	541.75	541.75	536.13
210	535.7	535.7	855.12	535.7	535.7	535.7	535.7	535.7	535.7	535.7	535.7
211	531.91	531.91	855.12	531.91	531.91	531.91	531.91	531.91	531.91	531.91	531.91
212	528.12	528.12	855.12	528.12	528.12	528.12	528.12	528.12	528.12	528.12	528.12
213	524.33	524.33	855.12	524.33	524.33	524.33	524.33	524.33	524.33	524.33	524.33
214	520.54	520.54	855.12	520.54	520.54	520.54	520.54	520.54	520.54	520.54	520.54
215	516.75	516.75	855.12	516.75	516.75	516.75	516.75	516.75	516.75	516.75	516.75
216	512.96	512.96	855.12	512.96	512.96	512.96	512.96	512.96	512.96	512.96	512.96
217	509.17	509.17	855.12	509.17	509.17	509.17	509.17	509.17	509.17	509.17	509.17
218	505.38	505.38	855.12	505.38	505.38	505.38	505.38	505.38	505.38	505.38	505.38
219	501.59	501.59	855.12	501.59	501.59	501.59	501.59	501.59	501.59	501.59	501.59
220	497.8	497.8	855.12	497.8	497.8	497.8	497.8	497.8	497.8	497.8	497.8
221	495.89	495.89	855.12	495.89	495.89	495.89	495.89	495.89	495.89	495.89	495.89
222	493.98	493.98	855.12	493.98	493.98	493.98	493.98	493.98	493.98	493.98	493.98
223	492.07	492.07	855.12	492.07	492.07	492.07	492.07	492.07	492.07	492.07	492.07
224	490.16	490.16	855.12	490.16	490.16	490.16	490.16	490.16	490.16	490.16	490.16
225	488.25	488.25	855.12	488.25	488.25	488.25	488.25	488.25	488.25	488.25	488.25
226	486.34	486.34	855.12	486.34	486.34	486.34	486.34	486.34	486.34	486.34	486.34
227	484.43	484.43	855.12	484.43	484.43	484.43	484.43	484.43	484.43	484.43	484.43
228	482.52	482.52	855.12	482.52	482.52	482.52	482.52	482.52	482.52	482.52	482.52
229	480.61	480.61	855.12	480.61	480.61	480.61	480.61	480.61	480.61	480.61	480.61
230	478.7	478.7	855.12	478.7	478.7	478.7	478.7	478.7	478.7	478.7	478.7
231	477.9	477.9	855.12	477.9	477.9	477.9	477.9	477.9	477.9	477.9	477.9
232	477.1	477.1	855.12	477.1	477.1	477.1	477.1	477.1	477.1	477.1	477.1
233	476.3	476.3	855.12	476.3	476.3	476.3	476.3	476.3	476.3	476.3	476.3
234	475.5	475.5	855.12	475.5	475.5	475.5	475.5	475.5	475.5	475.5	475.5
235	474.7	474.7	855.12	474.7	474.7	474.7	474.7	474.7	474.7	474.7	474.7
236	473.9	473.9	855.12	473.9	473.9	473.9	473.9	473.9	473.9	473.9	473.9
237	473.1	473.1	855.12	473.1	473.1	473.1	473.1	473.1	473.1	473.1	473.1
238	472.3	472.3	855.12	472.3	472.3	472.3	472.3	472.3	472.3	472.3	472.3
239	471.5	471.5	855.12	471.5	471.5	471.5	471.5	471.5	471.5	471.5	471.5
240	470.7	470.7	470.7	470.7	470.7	470.7	470.7	470.7	470.7	470.7	470.7
241	471	471	471	471	471	471	471	471	471	471	471
242	471.3	471.3	471.3	471.3	471.3	471.3	471.3	471.3	471.3	471.3	471.3
243	471.6	471.6	471.6	471.6	471.6	471.6	471.6	471.6	471.6	471.6	471.6
244	471.9	471.9	471.9	471.9	471.9	471.9	471.9	471.9	471.9	471.9	471.9
245	472.2	472.2	472.2	472.2	472.2	472.2	472.2	472.2	472.2	472.2	472.2
246	472.5	472.5	472.5	472.5	472.5	472.5	472.5	472.5	472.5	472.5	472.5
247	472.8	472.8	472.8	472.8	472.8	472.8	472.8	472.8	472.8	472.8	472.8
248	473.1	473.1	473.1	473.1	473.1	473.1	473.1	473.1	473.1	473.1	473.1
249	473.4	473.4	473.4	473.4	473.4	473.4	473.4	473.4	473.4	473.4	473.4
250	473.7	473.7	473.7	473.7	473.7	473.7	473.7	473.7	473.7	473.7	473.7
251	475.11	475.11	475.11	475.11	475.11	475.11	475.11	475.11	475.11	475.11	475.11
252	476.52	476.52	476.52	476.52	476.52	476.52	476.52	476.52	476.52	476.52	476.52
253	477.93	477.93	477.93	477.93	477.93	477.93	477.93	477.93	477.93	477.93	477.93
254	479.34	479.34	479.34	479.34	479.34	479.34	479.34	479.34	479.34	479.34	479.34
255	480.75	480.75	480.75	480.75	480.75	480.75	480.75	480.75	480.75	480.75	480.75
256	482.16	482.16	482.16	482.16	482.16	482.16	482.16	482.16	482.16	482.16	482.16
257	483.57	483.57	483.57	483.57	483.57	483.57	483.57	483.57	483.57	483.57	483.57
258	484.98	484.98	484.98	484.98	484.98	484.98	484.98	484.98	484.98	484.98	484.98
259	486.39	486.39	486.39	486.39	486.39	486.39	486.39	486.39	486.39	486.39	486.39
260	487.8	487.8	487.8	487.8	487.8	487.8	487.8	487.8	487.8	487.8	487.8
261	490.43	490.43	490.43	490.43	490.43	490.43	490.43	490.43	490.43	490.43	490.43
262	493.06	493.06	493.06	493.06	493.06	493.06	493.06	493.06	493.06	493.06	493.06
263	495.69	495.69	495.69	495.69	495.69	495.69	495.69	495.69	495.69	495.69	495.69
264	498.32	498.32	498.32	498.32	498.32	498.32	498.32	498.32	498.32	498.32	498.32
265	500.95	500.95	500.95	500.95	500.95	500.95	500.95	500.95	500.95	500.95	500.95
266	503.58	503.58	503.58	503.58	503.58	503.58	503.58	503.58	503.58	503.58	503.58
267	506.21	506.21	506.21	506.21	506.21	506.21	506.21	506.21	506.21	506.21	506.21
268	508.84	508.84	508.84	508.84	508.84	508.84	508.84	508.84	508.84	508.84	508.84
269	511.47	511.47	511.47	511.47	511.47	511.47	511.47	511.47	511.47	511.47	511.47
270	514.1	514.1	514.1	514.1	514.1	514.1	514.1	514.1	514.1	514.1	514.1
271	519.43	519.43	519.43	519.43	519.43	519.43	519.43	519.43	519.43	519.43	516.69
272	524.76	524.76	524.76	524.76	524.76	524.76	524.76	524.76	524.76	524.76	519.28
273	530.09	530.09	530.09	530.09	530.09	530.09	530.09	530.09	530.09	530.09	521.87
274	535.42	535.42	535.42	535.42	535.42	535.42	535.42	535.42	535.42	535.42	524.46
275	540.75	540.75	540.75	540.75	540.75	540.75	540.75	540.75	540.75	540.75	527.05
276	546.08	546.08	546.08	546.08	546.08	546.08	546.08	546.08	546.08	546.08	529.64
277	551.41	551.41	551.41	551.41	551.41	551.41	551.41	551.41	551.41	551.41	532.23
278	556.74	556.74	556.74	556.74	556.74	556.74	556.74	556.74	556.74	556.74	534.82
279	562.07	562.07	562.07	562.07	562.07	562.07	562.07	562.07	562.07	562.07	537.41
280	567.4	567.4	567.4	567.4	567.4	567.4	567.4	567.4	567.4	567.4	540
281	574.36	574.36	574.36	574.36	574.36	574.36	574.36	574.36	574.36	574.36	540
282	581.32	581.32	581.32	581.32	581.32	581.32	581.32	581.32	581.32	581.32	540
283	588.28	588.28	588.28	588.28	588.28	588.28	588.28	588.28	588.28	588.28	540
284	595.24	595.24	595.24	595.24	595.24	595.24	595.24	595.24	595.24	595.24	540
285	602.2	602.2	602.2	602.2	602.2	602.2	602.2	602.2	602.2	602.2	540
286	609.16	609.16	609.16	609.16	609.16	609.16	609.16	609.16	609.16	609.16	540
287	616.12	616.12	616.12	616.12	616.12	616.12	616.12	616.12	616.12	616.12	540
288	623.08	623.08	623.08	623.08	623.08	623.08	623.08	623.08	623.08	623.08	540
289	630.04	630.04	630.04	630.04	630.04	630.04	630.04	630.04	630.04	630.04	540
290	637	637	637	637	637	637	637	637	637	637	540
291	647.25	647.25	647.25	647.25	647.25	647.25	647.25	647.25	647.25	647.25	540
292	657.5	657.5	657.5	657.5	657.5	657.5	657.5	657.5	657.5	657.5	540
293	667.75	667.75	667.75	667.75	667.75	667.75	667.75	667.75	667.75	667.75	540
294	678	678	678	678	678	678	678	678	678	678	540
295	688.25	688.25	688.25	688.25	688.25	688.25	688.25	688.25	688.25	688.25	540
296	698.5	698.5	698.5	698.5	698.5	698.5	698.5	698.5	698.5	698.5	540
297	708.75	708.75	708.75	708.75	708.75	708.75	708.75	708.75	708.75	708.75	540
298	719	719	719	719	719	719	719	719	719	719	540
299	729.25	729.25	729.25	729.25	729.25	729.25	729.25	729.25	729.25	729.25	540
300	739.5	739.5	739.5	739.5	739.5	739.5	739.5	739.5	739.5	739.5	540
301	753.96	753.96	753.96	753.96	753.96	753.96	753.96	753.96	753.96	753.96	540
302	768.42	768.42	768.42	768.42	768.42	768.42	768.42	768.42	768.42	768.42	540
303	782.88	782.88	782.88	782.88	782.88	782.88	782.88	782.88	782.88	782.88	540
304	797.34	797.34	797.34	797.34	797.34	797.34	797.34	797.34	797.34	797.34	540
305	811.8	811.8	811.8	811.8	811.8	811.8	811.8	811.8	811.8	811.8	540
306	826.26	826.26	826.26	826.26	826.26	826.26	826.26	826.26	826.26	826.26	540
307	840.72	840.72	840.72	840.72	840.72	840.72	840.72	840.72	840.72	840.72	540
308	855.18	855.18	855.18	855.18	855.18	855.18	855.18	855.18	855.18	855.18	540
309	869.64	869.64	869.64	869.64	869.64	869.64	869.64	869.64	869.64	869.64	540
310	884.1	884.1	884.1	884.1	884.1	884.1	884.1	884.1	884.1	884.1	540
311	900.81	900.81	900.81	900.81	900.81	900.81	900.81	900.81	900.81	900.81	540
312	917.52	917.52	917.52	917.52	917.52	917.52	917.52	917.52	917.52	917.52	540
313	934.23	934.23	934.23	934.23	934.23	934.23	934.23	934.23	934.23	934.23	540
314	950.94	950.94	950.94	950.94	950.94	950.94	950.94	950.94	950.94	950.94	540
315	967.65	967.65	967.65	967.65	967.65	967.65	967.65	967.65	967.65	967.65	540
316	984.36	984.36	984.36	984.36	984.36	984.36	984.36	984.36	984.36	984.36	540
317	1001.1	1001.1	1001.1	1001.1	1001.1	1001.1	1001.1	1001.1	1001.1	1001.1	540
318	1017.8	1017.8	1017.8	1017.8	1017.8	1017.8	1017.8	1017.8	1017.8	1017.8	540
319	1034.5	1034.5	1034.5	1034.5	1034.5	1034.5	1034.5	1034.5	1034.5	1034.5	540
320	1051.2	1051.2	1051.2	1051.2	1051.2	1051.2	1051.2	1051.2	1051.2	1051.2	540
321	1068.2	1068.2	1068.2	1068.2	1068.2	1068.2	1068.2	1068.2	1068.2	1068.2	540
322	1085.3	1085.3	1085.3	1085.3	1085.3	1085.3	1085.3	1085.3	1085.3	1085.3	540
323	1102.3	1102.3	1102.3	1102.3	1102.3	1102.3	1102.3	1102.3	1102.3	1102.3	540
324	1119.4	1119.4	1119.4	1119.4	1119.4	1119.4	1119.4	1119.4	1119.4	1119.4	540
325	1136.4	1136.4	1136.4	1136.4	1136.4	1136.4	1136.4	1136.4	1136.4	1136.4	540
326	1153.4	1153.4	1153.4	1153.4	1153.4	1153.4	1153.4	1153.4	1153.4	1153.4	540
327	1170.5	1170.5	1170.5	1170.5	1170.5	1170.5	1170.5	1170.5	1170.5	1170.5	540
328	1187.5	1187.5	1187.5	1187.5	1187.5	1187.5	1187.5	1187.5	1187.5	1187.5	540
329	1204.6	1204.6	1204.6	1204.6	1204.6	1204.6	1204.6	1204.6	1204.6	1204.6	540
330	1221.6	1221.6	1221.6	1221.6	1221.6	1221.6	1221.6	1221.6	1221.6	1221.6	540
331	1236.9	1236.9	1236.9	1236.9	1236.9	1236.9	1236.9	1236.9	1236.9	1236.9	540
332	1252.2	1252.2	1252.2	1252.2	1252.2	1252.2	1252.2	1252.2	1252.2	1252.2	540
333	1267.5	1267.5	1267.5	1267.5	1267.5	1267.5	1267.5	1267.5	1267.5	1267.5	540
334	1282.8	1282.8	1282.8	1282.8	1282.8	1282.8	1282.8	1282.8	1282.8	1282.8	540
335	1298.1	1298.1	1298.1	1298.1	1298.1	1298.1	1298.1	1298.1	1298.1	1298.1	540
336	1313.3	1313.3	1313.3	1313.3	1313.3	1313.3	1313.3	1313.3	1313.3	1313.3	540
337	1328.6	1328.6	1328.6	1328.6	1328.6	1328.6	1328.6	1328.6	1328.6	1328.6	540
338	1343.9	1343.9	1343.9	1343.9	1343.9	1343.9	1343.9	1343.9	1343.9	1343.9	540
339	1359.2	1359.2	1359.2	1359.2	1359.2	1359.2	1359.2	1359.2	1359.2	1359.2	540
340	1374.5	1374.5	1374.5	1374.5	1374.5	1374.5	1374.5	1374.5	1374.5	1374.5	540
341	1380.4	1380.4	1380.4	1380.4	1380.4	1380.4	1380.4	1380.4	1380.4	1380.4	566.05
342	1386.3	1386.3	1386.3	1386.3	1386.3	1386.3	1386.3	1386.3	1386.3	1386.3	592.1
343	1392.3	1392.3	1392.3	1392.3	1392.3	1392.3	1392.3	1392.3	1392.3	1392.3	618.15
344	1398.2	1398.2	1398.2	1398.2	1398.2	1398.2	1398.2	1398.2	1398.2	1398.2	644.2
345	1404.1	1404.1	1404.1	1404.1	1404.1	1404.1	1404.1	1404.1	1404.1	1404.1	670.25
346	1410	1410	1410	1410	1410	1410	1410	1410	1410	1410	696.3
347	1415.9	1415.9	1415.9	1415.9	1415.9	1415.9	1415.9	1415.9	1415.9	1415.9	722.35
348	1421.9	1421.9	1421.9	1421.9	1421.9	1421.9	1421.9	1421.9	1421.9	1421.9	748.4
349	1427.8	1427.8	1427.8	1427.8	1427.8	1427.8	1427.8	1427.8	1427.8	1427.8	774.45
350	1433.7	1433.7	1433.7	1433.7	1433.7	1433.7	1433.7	1433.7	1433.7	1433.7	800.5
351	1428.4	1428.4	1428.4	1428.4	1428.4	1428.4	1428.4	1428.4	1428.4	1428.4	817.9
352	1423	1423	1423	1423	1423	1423	1423	1423	1423	1423	835.3
353	1417.7	1417.7	1417.7	1417.7	1417.7	1417.7	1417.7	1417.7	1417.7	1417.7	852.7
354	1412.3	1412.3	1412.3	1412.3	1412.3	1412.3	1412.3	1412.3	1412.3	1412.3	870.1
355	1407	1407	1407	1407	1407	1407	1407	1407	1407	1407	887.5
356	1385.7	1385.7	1385.7	1385.7	1385.7	1385.7	1385.7	1385.7	1385.7	1385.7	898.74
357	1364.5	1364.5	1364.5	1364.5	1364.5	1364.5	1364.5	1364.5	1364.5	1364.5	909.98
358	1343.2	1343.2	1343.2	1343.2	1343.2	1343.2	1343.2	1343.2	1343.2	1343.2	921.22
359	1322	1322	1322	1322	1322	1322	1322	1322	1322	1322	932.46
360	1300.7	1300.7	1300.7	1300.7	1300.7	1300.7	1300.7	1300.7	1300.7	1300.7	943.7
361	1256	1256	1256	1256	1256	1256	1256	1256	1256	1256	936.1
362	1211.4	1211.4	1211.4	1211.4	1211.4	1211.4	1211.4	1211.4	1211.4	1211.4	928.5
363	1166.7	1166.7	1166.7	1166.7	1166.7	1166.7	1166.7	1166.7	1166.7	1166.7	920.9
364	1122.1	1122.1	1122.1	1122.1	1122.1	1122.1	1122.1	1122.1	1122.1	1122.1	913.3
365	1077.4	1077.4	1077.4	1077.4	1077.4	1077.4	1077.4	1077.4	1077.4	1077.4	905.7
366	1023.4	1023.4	1023.4	1023.4	1023.4	1023.4	1023.4	1023.4	1023.4	1023.4	875.38
367	969.4	969.4	969.4	969.4	969.4	969.4	969.4	969.4	969.4	969.4	845.06
368	915.4	915.4	915.4	915.4	915.4	915.4	915.4	915.4	915.4	915.4	814.74
369	861.4	861.4	861.4	861.4	861.4	861.4	861.4	861.4	861.4	861.4	784.42
370	807.4	807.4	807.4	807.4	807.4	807.4	807.4	807.4	807.4	807.4	754.1
371	769.06	769.06	769.06	769.06	769.06	769.06	769.06	769.06	769.06	769.06	722.84
372	730.72	730.72	730.72	730.72	730.72	730.72	730.72	730.72	730.72	730.72	691.58
373	692.38	692.38	692.38	692.38	692.38	692.38	692.38	692.38	692.38	692.38	660.32
374	654.04	654.04	654.04	654.04	654.04	654.04	654.04	654.04	654.04	654.04	629.06
375	615.7	615.7	615.7	615.7	615.7	615.7	615.7	615.7	615.7	615.7	597.8
376	594.8	594.8	594.8	594.8	594.8	594.8	594.8	594.8	594.8	594.8	578.58
377	573.9	573.9	573.9	573.9	573.9	573.9	573.9	573.9	573.9	573.9	559.36
378	553	553	553	553	553	553	553	553	553	553	540.14
379	532.1	532.1	532.1	532.1	532.1	532.1	532.1	532.1	532.1	532.1	520.92
380	511.2	511.2	511.2	511.2	511.2	511.2	511.2	511.2	511.2	511.2	501.7
381	501.86	501.86	501.86	501.86	501.86	501.86	501.86	501.86	501.86	501.86	495.02
382	492.52	492.52	492.52	492.52	492.52	492.52	492.52	492.52	492.52	492.52	488.34
383	483.18	483.18	483.18	483.18	483.18	483.18	483.18	483.18	483.18	483.18	481.66
384	473.84	473.84	473.84	473.84	473.84	473.84	473.84	473.84	473.84	473.84	474.98
385	464.5	464.5	464.5	464.5	464.5	464.5	464.5	464.5	464.5	464.5	468.3
386	456	456	456	456	456	456	456	456	456	456	459.04
387	447.5	447.5	447.5	447.5	447.5	447.5	447.5	447.5	447.5	447.5	449.78
388	439	439	439	439	439	439	439	439	439	439	440.52
389	430.5	430.5	430.5	430.5	430.5	430.5	430.5	430.5	430.5	430.5	431.26
390	422	422	422	422	422	422	422	422	422	422	422
391	419.73	419.73	419.73	419.73	419.73	419.73	419.73	419.73	419.73	419.73	419.73
392	417.46	417.46	417.46	417.46	417.46	417.46	417.46	417.46	417.46	417.46	417.46
393	415.19	415.19	415.19	415.19	415.19	415.19	415.19	415.19	415.19	415.19	415.19
394	412.92	412.92	412.92	412.92	412.92	412.92	412.92	412.92	412.92	412.92	412.92
395	410.65	410.65	410.65	410.65	410.65	410.65	410.65	410.65	410.65	410.65	410.65
396	408.38	408.38	408.38	408.38	408.38	408.38	408.38	408.38	408.38	408.38	408.38
397	406.11	406.11	406.11	406.11	406.11	406.11	406.11	406.11	406.11	406.11	406.11
398	403.84	403.84	403.84	403.84	403.84	403.84	403.84	403.84	403.84	403.84	403.84
399	401.57	401.57	401.57	401.57	401.57	401.57	401.57	401.57	401.57	401.57	401.57
400	399.3	399.3	399.3	399.3	399.3	399.3	399.3	399.3	399.3	399.3	399.3
401	399.58	399.58	399.58	399.58	399.58	399.58	399.58	399.58	399.58	399.58	399.58
402	399.86	399.86	399.86	399.86	399.86	399.86	399.86	399.86	399.86	399.86	399.86
403	400.14	400.14	400.14	400.14	400.14	400.14	400.14	400.14	400.14	400.14	400.14
404	400.42	400.42	400.42	400.42	400.42	400.42	400.42	400.42	400.42	400.42	400.42
405	400.7	400.7	400.7	400.7	400.7	400.7	400.7	400.7	400.7	400.7	400.7
406	400.98	400.98	400.98	400.98	400.98	400.98	400.98	400.98	400.98	400.98	400.98
407	401.26	401.26	401.26	401.26	401.26	401.26	401.26	401.26	401.26	401.26	401.26
408	401.54	401.54	401.54	401.54	401.54	401.54	401.54	401.54	401.54	401.54	401.54
409	401.82	401.82	401.82	401.82	401.82	401.82	401.82	401.82	401.82	401.82	401.82
410	402.1	402.1	402.1	402.1	402.1	402.1	402.1	402.1	402.1	402.1	402.1
411	403	403	403	403	403	403	403	403	403	403	403
412	403.9	403.9	403.9	403.9	403.9	403.9	403.9	403.9	403.9	403.9	403.9
413	404.8	404.8	404.8	404.8	404.8	404.8	404.8	404.8	404.8	404.8	404.8
414	405.7	405.7	405.7	405.7	405.7	405.7	405.7	405.7	405.7	405.7	405.7
415	406.6	406.6	406.6	406.6	406.6	406.6	406.6	406.6	406.6	406.6	406.6
416	407.5	407.5	407.5	407.5	407.5	407.5	407.5	407.5	407.5	407.5	407.5
417	408.4	408.4	408.4	408.4	408.4	408.4	408.4	408.4	408.4	408.4	408.4
418	409.3	409.3	409.3	409.3	409.3	409.3	409.3	409.3	409.3	409.3	409.3
419	410.2	410.2	410.2	410.2	410.2	410.2	410.2	410.2	410.2	410.2	410.2
420	411.1	411.1	411.1	411.1	411.1	411.1	411.1	411.1	411.1	411.1	411.1
421	411.94	411.94	411.94	411.94	411.94	411.94	411.94	411.94	411.94	411.94	411.94
422	412.78	412.78	412.78	412.78	412.78	412.78	412.78	412.78	412.78	412.78	412.78
423	413.62	413.62	413.62	413.62	413.62	413.62	413.62	413.62	413.62	413.62	413.62
424	414.46	414.46	414.46	414.46	414.46	414.46	414.46	414.46	414.46	414.46	414.46
425	415.3	415.3	415.3	415.3	415.3	415.3	415.3	415.3	415.3	415.3	415.3
426	416.14	416.14	416.14	416.14	416.14	416.14	416.14	416.14	416.14	416.14	416.14
427	416.98	416.98	416.98	416.98	416.98	416.98	416.98	416.98	416.98	416.98	416.98
428	417.82	417.82	417.82	417.82	417.82	417.82	417.82	417.82	417.82	417.82	417.82
429	418.66	418.66	418.66	418.66	418.66	418.66	418.66	418.66	418.66	418.66	418.66
430	419.5	419.5	419.5	419.5	419.5	419.5	419.5	419.5	419.5	419.5	419.5
431	420.33	420.33	420.33	420.33	420.33	420.33	420.33	420.33	420.33	420.33	420.33
432	421.16	421.16	421.16	421.16	421.16	421.16	421.16	421.16	421.16	421.16	421.16
433	421.99	421.99	421.99	421.99	421.99	421.99	421.99	421.99	421.99	421.99	421.99
434	422.82	422.82	422.82	422.82	422.82	422.82	422.82	422.82	422.82	422.82	422.82
435	423.65	423.65	423.65	423.65	423.65	423.65	423.65	423.65	423.65	423.65	423.65
436	424.48	424.48	424.48	424.48	424.48	424.48	424.48	424.48	424.48	424.48	424.48
437	425.31	425.31	425.31	425.31	425.31	425.31	425.31	425.31	425.31	425.31	425.31
438	426.14	426.14	426.14	426.14	426.14	426.14	426.14	426.14	426.14	426.14	426.14
439	426.97	426.97	426.97	426.97	426.97	426.97	426.97	426.97	426.97	426.97	426.97
440	427.8	427.8	427.8	427.8	427.8	427.8	427.8	427.8	427.8	427.8	427.8
441	428.59	428.59	428.59	428.59	428.59	428.59	428.59	428.59	428.59	428.59	428.59
442	429.38	429.38	429.38	429.38	429.38	429.38	429.38	429.38	429.38	429.38	429.38
443	430.17	430.17	430.17	430.17	430.17	430.17	430.17	430.17	430.17	430.17	430.17
444	430.96	430.96	430.96	430.96	430.96	430.96	430.96	430.96	430.96	430.96	430.96
445	431.75	431.75	431.75	431.75	431.75	431.75	431.75	431.75	431.75	431.75	431.75
446	432.54	432.54	432.54	432.54	432.54	432.54	432.54	432.54	432.54	432.54	432.54
447	433.33	433.33	433.33	433.33	433.33	433.33	433.33	433.33	433.33	433.33	433.33
448	434.12	434.12	434.12	434.12	434.12	434.12	434.12	434.12	434.12	434.12	434.12
449	434.91	434.91	434.91	434.91	434.91	434.91	434.91	434.91	434.91	434.91	434.91
450	435.7	435.7	435.7	435.7	435.7	435.7	435.7	435.7	435.7	435.7	435.7
451	439.79	439.79	439.79	439.79	439.79	439.79	439.79	439.79	439.79	439.79	439.79
452	443.88	443.88	443.88	443.88	443.88	443.88	443.88	443.88	443.88	443.88	443.88
453	447.97	447.97	447.97	447.97	447.97	447.97	447.97	447.97	447.97	447.97	447.97
454	452.06	452.06	452.06	452.06	452.06	452.06	452.06	452.06	452.06	452.06	452.06
455	456.15	456.15	456.15	456.15	456.15	456.15	456.15	456.15	456.15	456.15	456.15
456	460.24	460.24	460.24	460.24	460.24	460.24	460.24	460.24	460.24	460.24	460.24
457	464.33	464.33	464.33	464.33	464.33	464.33	464.33	464.33	464.33	464.33	464.33
458	468.42	468.42	468.42	468.42	468.42	468.42	468.42	468.42	468.42	468.42	468.42
459	472.51	472.51	472.51	472.51	472.51	472.51	472.51	472.51	472.51	472.51	472.51
460	476.6	476.6	476.6	476.6	476.6	476.6	476.6	476.6	476.6	476.6	476.6
461	475.6	475.6	475.6	475.6	475.6	475.6	475.6	475.6	475.6	475.6	475.6
462	474.6	474.6	474.6	474.6	474.6	474.6	474.6	474.6	474.6	474.6	474.6
463	473.6	473.6	473.6	473.6	473.6	473.6	473.6	473.6	473.6	473.6	473.6
464	472.6	472.6	472.6	472.6	472.6	472.6	472.6	472.6	472.6	472.6	472.6
465	471.6	471.6	471.6	471.6	471.6	471.6	471.6	471.6	471.6	471.6	471.6
466	471.72	471.72	471.72	471.72	471.72	471.72	471.72	471.72	471.72	471.72	471.72
467	471.84	471.84	471.84	471.84	471.84	471.84	471.84	471.84	471.84	471.84	471.84
468	471.96	471.96	471.96	471.96	471.96	471.96	471.96	471.96	471.96	471.96	471.96
469	472.08	472.08	472.08	472.08	472.08	472.08	472.08	472.08	472.08	472.08	472.08
470	472.2	472.2	472.2	472.2	472.2	472.2	472.2	472.2	472.2	472.2	472.2
471	472.32	472.32	472.32	472.32	472.32	472.32	472.32	472.32	472.32	472.32	472.32
472	472.44	472.44	472.44	472.44	472.44	472.44	472.44	472.44	472.44	472.44	472.44
473	472.56	472.56	472.56	472.56	472.56	472.56	472.56	472.56	472.56	472.56	472.56
474	472.68	472.68	472.68	472.68	472.68	472.68	472.68	472.68	472.68	472.68	472.68
475	472.8	472.8	472.8	472.8	472.8	472.8	472.8	472.8	472.8	472.8	472.8
476	473.26	473.26	473.26	473.26	473.26	473.26	473.26	473.26	473.26	473.26	473.26
477	473.72	473.72	473.72	473.72	473.72	473.72	473.72	473.72	473.72	473.72	473.72
478	474.18	474.18	474.18	474.18	474.18	474.18	474.18	474.18	474.18	474.18	474.18
479	474.64	474.64	474.64	474.64	474.64	474.64	474.64	474.64	474.64	474.64	474.64
480	475.1	475.1	475.1	475.1	475.1	475.1	475.1	475.1	475.1	475.1	475.1
481	475.56	475.56	475.56	475.56	475.56	475.56	475.56	475.56	475.56	475.56	475.56
482	476.02	476.02	476.02	476.02	476.02	476.02	476.02	476.02	476.02	476.02	476.02
483	476.48	476.48	476.48	476.48	476.48	476.48	476.48	476.48	476.48	476.48	476.48
484	476.94	476.94	476.94	476.94	476.94	476.94	476.94	476.94	476.94	476.94	476.94
485	477.4	477.4	477.4	477.4	477.4	477.4	477.4	477.4	477.4	477.4	477.4
486	477.98	477.98	739.26	477.98	477.98	477.98	477.98	477.98	477.98	477.98	477.98
487	478.56	478.56	739.26	478.56	478.56	478.56	478.56	478.56	478.56	478.56	478.56
488	479.14	479.14	739.26	479.14	479.14	479.14	479.14	479.14	479.14	479.14	479.14
489	479.72	479.72	739.26	479.72	479.72	479.72	479.72	479.72	479.72	479.72	479.72
490	480.3	480.3	739.26	480.3	480.3	480.3	480.3	480.3	480.3	480.3	480.3
491	480.88	480.88	739.26	480.88	480.88	480.88	480.88	480.88	480.88	480.88	480.88
492	481.46	481.46	739.26	481.46	481.46	481.46	481.46	481.46	481.46	481.46	481.46
493	482.04	482.04	739.26	482.04	482.04	482.04	482.04	482.04	482.04	482.04	482.04
494	482.62	482.62	739.26	482.62	482.62	482.62	482.62	482.62	482.62	482.62	482.62
495	483.2	483.2	739.26	483.2	483.2	483.2	483.2	483.2	483.2	483.2	483.2
496	483.45	483.45	483.45	483.45	483.45	483.45	483.45	483.45	483.45	483.45	483.45
497	483.7	483.7	483.7	483.7	483.7	483.7	483.7	483.7	483.7	483.7	483.7
498	483.95	483.95	483.95	483.95	483.95	483.95	483.95	483.95	483.95	483.95	483.95
499	484.2	484.2	484.2	484.2	484.2	484.2	484.2	484.2	484.2	484.2	484.2
500	484.45	484.45	484.45	484.45	484.45	484.45	484.45	484.45	484.45	484.45	484.45
501	484.7	484.7	484.7	484.7	484.7	484.7	484.7	484.7	484.7	484.7	484.7
502	484.95	484.95	484.95	484.95	484.95	484.95	484.95	484.95	484.95	484.95	484.95
503	485.2	485.2	485.2	485.2	485.2	485.2	485.2	485.2	485.2	485.2	485.2
504	485.45	485.45	485.45	485.45	485.45	485.45	485.45	485.45	485.45	485.45	485.45
505	485.7	485.7	485.7	485.7	485.7	485.7	485.7	485.7	485.7	485.7	485.7
506	485.79	485.79	485.79	485.79	485.79	485.79	485.79	485.79	485.79	485.79	485.79
507	485.88	485.88	485.88	485.88	485.88	485.88	485.88	485.88	485.88	485.88	485.88
508	485.97	485.97	485.97	485.97	485.97	485.97	485.97	485.97	485.97	485.97	485.97
509	486.06	486.06	486.06	486.06	486.06	486.06	486.06	486.06	486.06	486.06	486.06
510	486.15	486.15	486.15	486.15	486.15	486.15	486.15	486.15	486.15	486.15	486.15
511	486.24	486.24	486.24	486.24	486.24	486.24	486.24	486.24	486.24	486.24	486.24
512	486.33	486.33	486.33	486.33	486.33	486.33	486.33	486.33	486.33	486.33	486.33
513	486.42	486.42	486.42	486.42	486.42	486.42	486.42	486.42	486.42	486.42	486.42
514	486.51	486.51	486.51	486.51	486.51	486.51	486.51	486.51	486.51	486.51	486.51
515	486.6	486.6	486.6	486.6	486.6	486.6	486.6	486.6	486.6	486.6	486.6
516	486.72	486.72	486.72	486.72	486.72	486.72	486.72	486.72	486.72	486.72	486.72
517	486.84	486.84	486.84	486.84	486.84	486.84	486.84	486.84	486.84	486.84	486.84
518	486.96	486.96	486.96	486.96	486.96	486.96	486.96	486.96	486.96	486.96	486.96
519	487.08	487.08	487.08	487.08	487.08	487.08	487.08	487.08	487.08	487.08	487.08
520	487.2	487.2	487.2	487.2	487.2	487.2	487.2	487.2	487.2	487.2	487.2
521	487.32	487.32	487.32	487.32	487.32	487.32	487.32	487.32	487.32	487.32	487.32
522	487.44	487.44	487.44	487.44	487.44	487.44	487.44	487.44	487.44	487.44	487.44
523	487.56	487.56	487.56	487.56	487.56	487.56	487.56	487.56	487.56	487.56	487.56
524	487.68	487.68	487.68	487.68	487.68	487.68	487.68	487.68	487.68	487.68	487.68
525	487.8	487.8	487.8	487.8	487.8	487.8	487.8	487.8	487.8	487.8	487.8
526	487.93	487.93	487.93	487.93	487.93	487.93	487.93	487.93	487.93	487.93	487.93
527	488.06	488.06	488.06	488.06	488.06	488.06	488.06	488.06	488.06	488.06	488.06
528	488.19	488.19	488.19	488.19	488.19	488.19	488.19	488.19	488.19	488.19	488.19
529	488.32	488.32	488.32	488.32	488.32	488.32	488.32	488.32	488.32	488.32	488.32
530	488.45	488.45	488.45	488.45	488.45	488.45	488.45	488.45	488.45	488.45	488.45
531	488.58	488.58	488.58	488.58	488.58	488.58	488.58	488.58	488.58	488.58	488.58
532	488.71	488.71	488.71	488.71	488.71	488.71	488.71	488.71	488.71	488.71	488.71
533	488.84	488.84	488.84	488.84	488.84	488.84	488.84	488.84	488.84	488.84	488.84
534	488.97	488.97	488.97	488.97	488.97	488.97	488.97	488.97	488.97	488.97	488.97
535	489.1	489.1	489.1	489.1	489.1	489.1	489.1	489.1	489.1	489.1	489.1
536	489.18	489.18	489.18	489.18	489.18	489.18	489.18	489.18	489.18	489.18	489.18
537	489.26	489.26	489.26	489.26	489.26	489.26	489.26	489.26	489.26	489.26	489.26
538	489.34	489.34	489.34	489.34	489.34	489.34	489.34	489.34	489.34	489.34	489.34
539	489.42	489.42	489.42	489.42	489.42	489.42	489.42	489.42	489.42	489.42	489.42
540	489.5	489.5	489.5	489.5	489.5	489.5	489.5	489.5	489.5	489.5	489.5
541	489.58	489.58	489.58	489.58	489.58	489.58	489.58	489.58	489.58	489.58	489.58
542	489.66	489.66	489.66	489.66	489.66	489.66	489.66	489.66	489.66	489.66	489.66
543	489.74	489.74	489.74	489.74	489.74	489.74	489.74	489.74	489.74	489.74	489.74
544	489.82	489.82	489.82	489.82	489.82	489.82	489.82	489.82	489.82	489.82	489.82
545	489.9	489.9	489.9	489.9	489.9	489.9	489.9	489.9	489.9	489.9	489.9
546	489.98	489.98	489.98	489.98	489.98	489.98	489.98	489.98	489.98	489.98	489.98
547	490.06	490.06	490.06	490.06	490.06	490.06	490.06	490.06	490.06	490.06	490.06
548	490.14	490.14	490.14	490.14	490.14	490.14	490.14	490.14	490.14	490.14	490.14
549	490.22	490.22	490.22	490.22	490.22	490.22	490.22	490.22	490.22	490.22	490.22
550	490.3	490.3	490.3	490.3	490.3	490.3	490.3	490.3	490.3	490.3	490.3
551	490.38	490.38	490.38	490.38	490.38	490.38	490.38	490.38	490.38	490.38	490.38
552	490.46	490.46	490.46	490.46	490.46	490.46	490.46	490.46	490.46	490.46	490.46
553	490.54	490.54	490.54	490.54	490.54	490.54	490.54	490.54	490.54	490.54	490.54
554	490.62	490.62	490.62	490.62	490.62	490.62	490.62	490.62	490.62	490.62	490.62
555	490.7	490.7	490.7	490.7	490.7	490.7	490.7	490.7	490.7	490.7	490.7
556	490.79	490.79	490.79	490.79	490.79	490.79	490.79	490.79	490.79	490.79	490.79
557	490.88	490.88	490.88	490.88	490.88	490.88	490.88	490.88	490.88	490.88	490.88
558	490.97	490.97	490.97	490.97	490.97	490.97	490.97	490.97	490.97	490.97	490.97
559	491.06	491.06	491.06	491.06	491.06	491.06	491.06	491.06	491.06	491.06	491.06
560	491.15	491.15	491.15	491.15	491.15	491.15	491.15	491.15	491.15	491.15	491.15
561	491.24	491.24	491.24	491.24	491.24	491.24	491.24	491.24	491.24	491.24	491.24
562	491.33	491.33	491.33	491.33	491.33	491.33	491.33	491.33	491.33	491.33	491.33
563	491.42	491.42	491.42	491.42	491.42	491.42	491.42	491.42	491.42	491.42	491.42
564	491.51	491.51	491.51	491.51	491.51	491.51	491.51	491.51	491.51	491.51	491.51
565	491.6	491.6	491.6	491.6	491.6	491.6	491.6	491.6	491.6	491.6	491.6
566	491.68	491.68	491.68	491.68	491.68	491.68	491.68	491.68	491.68	491.68	491.68
567	491.76	491.76	491.76	491.76	491.76	491.76	491.76	491.76	491.76	491.76	491.76
568	491.84	491.84	491.84	491.84	491.84	491.84	491.84	491.84	491.84	491.84	491.84
569	491.92	491.92	491.92	491.92	491.92	491.92	491.92	491.92	491.92	491.92	491.92
570	492	492	492	492	492	492	492	492	492	492	492
571	492.08	492.08	492.08	492.08	492.08	492.08	492.08	492.08	492.08	492.08	492.08
572	492.16	492.16	492.16	492.16	492.16	492.16	492.16	492.16	492.16	492.16	492.16
573	492.24	492.24	492.24	492.24	492.24	492.24	492.24	492.24	492.24	492.24	492.24
574	492.32	492.32	492.32	492.32	492.32	492.32	492.32	492.32	492.32	492.32	492.32
575	492.4	492.4	492.4	492.4	492.4	492.4	492.4	492.4	492.4	492.4	492.4
576	492.48	492.48	492.48	492.48	492.48	492.48	492.48	492.48	492.48	492.48	492.48
577	492.56	492.56	492.56	492.56	492.56	492.56	492.56	492.56	492.56	492.56	492.56
578	492.64	492.64	492.64	492.64	492.64	492.64	492.64	492.64	492.64	492.64	492.64
579	492.72	492.72	492.72	492.72	492.72	492.72	492.72	492.72	492.72	492.72	492.72
580	492.8	492.8	492.8	492.8	492.8	492.8	492.8	492.8	492.8	492.8	492.8
581	492.88	492.88	492.88	492.88	492.88	492.88	492.88	492.88	492.88	492.88	492.88
582	492.96	492.96	492.96	492.96	492.96	492.96	492.96	492.96	492.96	492.96	492.96
583	493.04	493.04	493.04	493.04	493.04	493.04	493.04	493.04	493.04	493.04	493.04
584	493.12	493.12	493.12	493.12	493.12	493.12	493.12	493.12	493.12	493.12	493.12
585	493.2	493.2	493.2	493.2	493.2	493.2	493.2	493.2	493.2	493.2	493.2
586	493.29	493.29	493.29	493.29	493.29	493.29	493.29	493.29	493.29	493.29	493.29
587	493.38	493.38	493.38	493.38	493.38	493.38	493.38	493.38	493.38	493.38	493.38
588	493.47	493.47	493.47	493.47	493.47	493.47	493.47	493.47	493.47	493.47	493.47
589	493.56	493.56	493.56	493.56	493.56	493.56	493.56	493.56	493.56	493.56	493.56
590	493.65	493.65	493.65	493.65	493.65	493.65	493.65	493.65	493.65	493.65	493.65
591	493.74	493.74	493.74	493.74	493.74	493.74	493.74	493.74	493.74	493.74	493.74
592	493.83	493.83	493.83	493.83	493.83	493.83	493.83	493.83	493.83	493.83	493.83
593	493.92	493.92	493.92	493.92	493.92	493.92	493.92	493.92	493.92	493.92	493.92
594	494.01	494.01	494.01	494.01	494.01	494.01	494.01	494.01	494.01	494.01	494.01
595	494.1	494.1	494.1	494.1	494.1	494.1	494.1	494.1	494.1	494.1	494.1
596	494.18	494.18	494.18	494.18	494.18	494.18	494.18	494.18	494.18	494.18	494.18
597	494.26	494.26	494.26	494.26	494.26	494.26	494.26	494.26	494.26	494.26	494.26
598	494.34	494.34	494.34	494.34	494.34	494.34	494.34	494.34	494.34	494.34	494.34
599	494.42	494.42	494.42	494.42	494.42	494.42	494.42	494.42	494.42	494.42	494.42
600	494.5	494.5	494.5	494.5	494.5	494.5	494.5	494.5	494.5	494.5	494.5
601	494.58	494.58	494.58	494.58	494.58	494.58	494.58	494.58	494.58	494.58	494.58
602	494.66	494.66	494.66	494.66	494.66	494.66	494.66	494.66	494.66	494.66	494.66
603	494.74	494.74	494.74	494.74	494.74	494.74	494.74	494.74	494.74	494.74	494.74
604	494.82	494.82	494.82	494.82	494.82	494.82	494.82	494.82	494.82	494.82	494.82
605	494.9	494.9	494.9	494.9	494.9	494.9	494.9	494.9	494.9	494.9	494.9
606	494.98	494.98	494.98	494.98	494.98	494.98	494.98	494.98	494.98	494.98	494.98
607	495.06	495.06	495.06	495.06	495.06	495.06	495.06	495.06	495.06	495.06	495.06
608	495.14	495.14	495.14	495.14	495.14	495.14	495.14	495.14	495.14	495.14	495.14
609	495.22	495.22	495.22	495.22	495.22	495.22	495.22	495.22	495.22	495.22	495.22
610	495.3	495.3	495.3	495.3	495.3	495.3	495.3	495.3	495.3	495.3	495.3
611	495.59	495.59	495.59	495.59	495.59	495.59	495.59	495.59	495.59	495.59	495.59
612	495.88	495.88	495.88	495.88	495.88	495.88	495.88	495.88	495.88	495.88	495.88
613	496.17	496.17	496.17	496.17	496.17	496.17	496.17	496.17	496.17	496.17	496.17
614	496.46	496.46	496.46	496.46	496.46	496.46	496.46	496.46	496.46	496.46	496.46
615	496.75	496.75	496.75	496.75	496.75	496.75	496.75	496.75	496.75	496.75	496.75
616	497.04	497.04	497.04	497.04	497.04	497.04	497.04	497.04	497.04	497.04	497.04
617	497.33	497.33	497.33	497.33	497.33	497.33	497.33	497.33	497.33	497.33	497.33
618	497.62	497.62	497.62	497.62	497.62	497.62	497.62	497.62	497.62	497.62	497.62
619	497.91	497.91	497.91	497.91	497.91	497.91	497.91	497.91	497.91	497.91	497.91
620	498.2	498.2	498.2	498.2	498.2	498.2	498.2	498.2	498.2	498.2	498.2
621	497.95	497.95	497.95	497.95	497.95	497.95	497.95	497.95	497.95	497.95	497.95
622	497.7	497.7	497.7	497.7	497.7	497.7	497.7	497.7	497.7	497.7	497.7
623	497.45	497.45	497.45	497.45	497.45	497.45	497.45	497.45	497.45	497.45	497.45
624	497.2	497.2	497.2	497.2	497.2	497.2	497.2	497.2	497.2	497.2	497.2
625	496.95	496.95	496.95	496.95	496.95	496.95	496.95	496.95	496.95	496.95	496.95
626	496.7	496.7	496.7	496.7	496.7	496.7	496.7	496.7	496.7	496.7	496.7
627	496.45	496.45	496.45	496.45	496.45	496.45	496.45	496.45	496.45	496.45	496.45
628	496.2	496.2	496.2	496.2	496.2	496.2	496.2	496.2	496.2	496.2	496.2
629	495.95	495.95	495.95	495.95	495.95	495.95	495.95	495.95	495.95	495.95	495.95
630	495.7	495.7	495.7	495.7	495.7	495.7	495.7	495.7	495.7	495.7	495.7
631	495.75	495.75	495.75	495.75	495.75	495.75	495.75	495.75	495.75	495.75	495.75
632	495.8	495.8	495.8	495.8	495.8	495.8	495.8	495.8	495.8	495.8	495.8
633	495.85	495.85	495.85	495.85	495.85	495.85	495.85	495.85	495.85	495.85	495.85
634	495.9	495.9	495.9	495.9	495.9	495.9	495.9	495.9	495.9	495.9	495.9
635	495.95	495.95	495.95	495.95	495.95	495.95	495.95	495.95	495.95	495.95	495.95
636	496	496	496	496	496	496	496	496	496	496	496
637	496.05	496.05	496.05	496.05	496.05	496.05	496.05	496.05	496.05	496.05	496.05
638	496.1	496.1	496.1	496.1	496.1	496.1	496.1	496.1	496.1	496.1	496.1
639	496.15	496.15	496.15	496.15	496.15	496.15	496.15	496.15	496.15	496.15	496.15
640	496.2	496.2	496.2	496.2	496.2	496.2	496.2	496.2	496.2	496.2	496.2
641	496.24	496.24	496.24	496.24	496.24	496.24	496.24	496.24	496.24	496.24	496.24
642	496.28	496.28	496.28	496.28	496.28	496.28	496.28	496.28	496.28	496.28	496.28
643	496.32	496.32	496.32	496.32	496.32	496.32	496.32	496.32	496.32	496.32	496.32
644	496.36	496.36	496.36	496.36	496.36	496.36	496.36	496.36	496.36	496.36	496.36
645	496.4	496.4	496.4	496.4	496.4	496.4	496.4	496.4	496.4	496.4	496.4
646	496.44	496.44	496.44	496.44	496.44	496.44	496.44	496.44	496.44	496.44	496.44
647	496.48	496.48	496.48	496.48	496.48	496.48	496.48	496.48	496.48	496.48	496.48
648	496.52	496.52	496.52	496.52	496.52	496.52	496.52	496.52	496.52	496.52	496.52
649	496.56	496.56	496.56	496.56	496.56	496.56	496.56	496.56	496.56	496.56	496.56
650	496.6	496.6	496.6	496.6	496.6	496.6	496.6	496.6	496.6	496.6	496.6
651	496.68	496.68	496.68	496.68	496.68	496.68	496.68	496.68	496.68	496.68	496.68
652	496.76	496.76	496.76	496.76	496.76	496.76	496.76	496.76	496.76	496.76	496.76
653	496.84	496.84	496.84	496.84	496.84	496.84	496.84	496.84	496.84	496.84	496.84
654	496.92	496.92	496.92	496.92	496.92	496.92	496.92	496.92	496.92	496.92	496.92
655	497	497	497	497	497	497	497	497	497	497	497
656	497.08	497.08	497.08	497.08	497.08	497.08	497.08	497.08	497.08	497.08	497.08
657	497.16	497.16	497.16	497.16	497.16	497.16	497.16	497.16	497.16	497.16	497.16
658	497.24	497.24	497.24	497.24	497.24	497.24	497.24	497.24	497.24	497.24	497.24
659	497.32	497.32	497.32	497.32	497.32	497.32	497.32	497.32	497.32	497.32	497.32
660	497.4	497.4	497.4	497.4	497.4	497.4	497.4	497.4	497.4	497.4	497.4
661	497.48	497.48	497.48	497.48	497.48	497.48	497.48	497.48	497.48	497.48	497.48
662	497.56	497.56	497.56	497.56	497.56	497.56	497.56	497.56	497.56	497.56	497.56
663	497.64	497.64	497.64	497.64	497.64	497.64	497.64	497.64	497.64	497.64	497.64
664	497.72	497.72	497.72	497.72	497.72	497.72	497.72	497.72	497.72	497.72	497.72
665	497.8	497.8	497.8	497.8	497.8	497.8	497.8	497.8	497.8	497.8	497.8
666	497.88	497.88	497.88	497.88	497.88	497.88	497.88	497.88	497.88	497.88	497.88
667	497.96	497.96	497.96	497.96	497.96	497.96	497.96	497.96	497.96	497.96	497.96
668	498.04	498.04	498.04	498.04	498.04	498.04	498.04	498.04	498.04	498.04	498.04
669	498.12	498.12	498.12	498.12	498.12	498.12	498.12	498.12	498.12	498.12	498.12
670	498.2	498.2	498.2	498.2	498.2	498.2	498.2	498.2	498.2	498.2	498.2
671	498.29	498.29	498.29	498.29	498.29	498.29	498.29	498.29	498.29	498.29	498.29
672	498.38	498.38	498.38	498.38	498.38	498.38	498.38	498.38	498.38	498.38	498.38
673	498.47	498.47	498.47	498.47	498.47	498.47	498.47	498.47	498.47	498.47	498.47
674	498.56	498.56	498.56	498.56	498.56	498.56	498.56	498.56	498.56	498.56	498.56
675	498.65	498.65	498.65	498.65	498.65	498.65	498.65	498.65	498.65	498.65	498.65
676	498.74	498.74	498.74	498.74	498.74	498.74	498.74	498.74	498.74	498.74	498.74
677	498.83	498.83	498.83	498.83	498.83	498.83	498.83	498.83	498.83	498.83	498.83
678	498.92	498.92	498.92	498.92	498.92	498.92	498.92	498.92	498.92	498.92	498.92
679	499.01	499.01	499.01	499.01	499.01	499.01	499.01	499.01	499.01	499.01	499.01
680	499.1	499.1	499.1	499.1	499.1	499.1	499.1	499.1	499.1	499.1	499.1
681	499.18	499.18	499.18	499.18	499.18	499.18	499.18	499.18	499.18	499.18	499.18
682	499.26	499.26	499.26	499.26	499.26	499.26	499.26	499.26	499.26	499.26	499.26
683	499.34	499.34	499.34	499.34	499.34	499.34	499.34	499.34	499.34	499.34	499.34
684	499.42	499.42	499.42	499.42	499.42	499.42	499.42	499.42	499.42	499.42	499.42
685	499.5	499.5	499.5	499.5	499.5	499.5	499.5	499.5	499.5	499.5	499.5
686	499.58	499.58	499.58	499.58	499.58	499.58	499.58	499.58	499.58	499.58	499.58
687	499.66	499.66	499.66	499.66	499.66	499.66	499.66	499.66	499.66	499.66	499.66
688	499.74	499.74	499.74	499.74	499.74	499.74	499.74	499.74	499.74	499.74	499.74
689	499.82	499.82	499.82	499.82	499.82	499.82	499.82	499.82	499.82	499.82	499.82
690	499.9	499.9	499.9	499.9	499.9	499.9	499.9	499.9	499.9	499.9	499.9
691	499.9	499.9	499.9	499.9	499.9	499.9	499.9	499.9	499.9	499.9	499.9
692	499.9	499.9	499.9	499.9	499.9	499.9	499.9	499.9	499.9	499.9	499.9
693	499.9	499.9	499.9	499.9	499.9	499.9	499.9	499.9	499.9	499.9	499.9
694	499.9	499.9	499.9	499.9	499.9	499.9	499.9	499.9	499.9	499.9	499.9
