;LAP Intertank Plenum: Mass(lbm),Temperature(R),Pressure(psia)
#I=0,694,1; C:\0_afc_work\First_Stage_Innertand_Launch_Reentry_Venting_Analysis_using_VISSIM\VISSIM\First_Stage_Innertank_Launch_Reentry_Venting_Analysis_c1d3a1_lin.vsm C:\0_afc_work\First_Stage_Innertand_Launch_Reentry_Venting_Analysis_using_VISSIM\VISSIM\First_Stage_Innertank_Launch_Reentry_Venting_Analysis_c1d3a1_lin.vsm @ Sun Oct 28 12:15:54 2018
0	165.23	440	14.44	500	-0.0043789	3.3454	-0.1331
1	164.51	440	14.377	612.8	-0.00045272	3.3454	-0.1331
2	163.84	440	14.318	725.6	-0.00032052	3.3454	-0.1331
3	163.16	440	14.259	838.4	-0.00010136	3.3454	-0.1331
4	162.49	440	14.201	951.2	0.00020368	3.3454	-0.1331
5	161.82	440	14.142	1064	0.00059355	3.3454	-0.1331
6	161.15	440	14.084	1176.8	0.0010672	3.3454	-0.1331
7	160.49	440	14.025	1289.6	0.0016235	3.3454	-0.1331
8	159.82	440	13.967	1402.4	0.0022615	3.3454	-0.1331
9	159.16	440	13.909	1515.2	0.0029801	3.3454	-0.1331
10	158.49	440	13.851	1628	0.0037782	3.3454	-0.1331
11	157.83	440	13.793	1740.8	0.004655	3.3454	-0.1331
12	157.17	440	13.735	1853.6	0.0056093	3.3454	-0.1331
13	156.51	440	13.678	1966.4	0.00664	3.3454	-0.1331
14	155.85	440	13.62	2079.2	0.0077464	3.3454	-0.1331
15	155.19	440	13.563	2192	0.0089272	3.3454	-0.1331
16	154.54	440	13.506	2304.8	0.010182	3.3454	-0.1331
17	153.88	440	13.448	2417.6	0.011508	3.3454	-0.1331
18	153.23	440	13.391	2530.4	0.012907	3.3454	-0.1331
19	152.58	440	13.334	2643.2	0.014376	3.3454	-0.1331
20	151.93	440	13.277	2756	0.015915	3.3454	-0.1331
21	149.49	440	13.064	3201.8	0.012277	3.3454	-0.1331
22	147	440	12.847	3647.6	0.016099	3.3454	-0.1331
23	144.53	440	12.631	4093.4	0.020281	3.3454	-0.1331
24	142.1	440	12.419	4539.2	0.024824	3.3454	-0.1331
25	139.69	440	12.208	4984.9	0.029732	3.3454	-0.1331
26	137.31	440	12	5430.7	0.035004	3.3454	-0.1331
27	134.96	440	11.795	5876.5	0.040642	3.3454	-0.1331
28	132.64	440	11.591	6322.3	0.046643	3.3454	-0.1331
29	130.34	440	11.391	6768.1	0.053008	3.3454	-0.1331
30	128.06	440	11.192	7213.9	0.059732	3.3454	-0.1331
31	125.81	440	10.995	7659.7	0.067245	3.3454	-0.1331
32	123.59	440	10.8	8105.5	0.07521	3.3454	-0.1331
33	121.38	440	10.608	8551.2	0.083596	3.3454	-0.1331
34	119.2	440	10.418	8997	0.092397	3.3454	-0.1331
35	117.05	440	10.229	9442.8	0.10161	3.3454	-0.1331
36	114.92	440	10.043	9888.6	0.11123	3.3454	-0.1331
37	112.81	440	9.859	10334	0.12124	3.3454	-0.1331
38	110.73	440	9.6769	10780	0.13165	3.3454	-0.1331
39	108.67	440	9.4969	11226	0.14244	3.3454	-0.1331
40	106.63	440	9.3188	11672	0.15361	3.3454	-0.1331
41	104.6	440	9.1418	12118	0.16609	3.3454	-0.1331
42	102.6	440	8.9665	12563	0.17911	3.3454	-0.1331
43	100.62	440	8.7932	13009	0.19256	3.3454	-0.1331
44	98.654	440	8.6216	13455	0.20645	3.3454	-0.1331
45	96.712	440	8.452	13901	0.22075	3.3454	-0.1331
46	94.791	440	8.2841	14346	0.23545	3.3454	-0.1331
47	92.891	440	8.1181	14792	0.25055	3.3454	-0.1331
48	91.012	440	7.9538	15238	0.26602	3.3454	-0.1331
49	89.153	440	7.7914	15684	0.28186	3.3454	-0.1331
50	87.315	440	7.6307	16130	0.29805	3.3454	-0.1331
51	85.614	440	7.4821	16575	0.30431	3.3454	-0.1331
52	83.951	440	7.3368	17021	0.30933	3.3454	-0.1331
53	82.316	440	7.1938	17467	0.31401	3.3454	-0.1331
54	79.718	440	6.9668	18208	0.31575	3.3454	-0.1331
55	77.068	440	6.7352	18949	0.32761	3.3454	-0.1331
56	74.488	440	6.5098	19690	0.33871	3.3454	-0.1331
57	71.709	440	6.2669	20554	0.33829	3.3454	-0.1331
58	68.97	440	6.0275	21419	0.34142	3.3454	-0.1331
59	66.319	440	5.7958	22283	0.34382	3.3454	-0.1331
60	63.753	440	5.5716	23147	0.34549	3.3454	-0.1331
61	61.251	440	5.3529	24011	0.34817	3.3454	-0.1331
62	58.826	440	5.141	24876	0.35056	3.3454	-0.1331
63	56.48	440	4.936	25740	0.35234	3.3454	-0.1331
64	54.211	440	4.7377	26604	0.35352	3.3454	-0.1331
65	52.018	440	4.546	27468	0.35412	3.3454	-0.1331
66	49.898	440	4.3608	28333	0.35417	3.3454	-0.1331
67	47.85	440	4.1818	29197	0.35366	3.3454	-0.1331
68	45.548	440	3.9806	30221	0.34941	3.3454	-0.1331
69	43.265	440	3.781	31245	0.35119	3.3454	-0.1331
70	41.075	440	3.5896	32269	0.35218	3.3454	-0.1331
71	38.989	440	3.4074	33293	0.35123	3.3454	-0.1331
72	36.996	440	3.2332	34316	0.34919	3.3454	-0.1331
73	35.089	440	3.0665	35340	0.34638	3.3454	-0.1331
74	33.265	440	2.9071	36364	0.34288	3.3454	-0.1331
75	31.529	440	2.7554	37388	0.33906	3.3454	-0.1331
76	29.706	440	2.5961	38583	0.32635	3.3454	-0.1331
77	27.94	440	2.4418	39777	0.3182	3.3454	-0.1331
78	26.282	440	2.2969	40972	0.30968	3.3454	-0.1331
79	24.726	440	2.1609	42166	0.30077	3.3454	-0.1331
80	23.266	440	2.0333	43361	0.29152	3.3454	-0.1331
81	21.901	440	1.914	44556	0.28167	3.3454	-0.1331
82	20.621	440	1.8021	45750	0.2715	3.3454	-0.1331
83	19.421	440	1.6973	46945	0.26117	3.3454	-0.1331
84	18.296	440	1.5989	48139	0.25073	3.3454	-0.1331
85	17.24	440	1.5067	49334	0.24023	3.3454	-0.1331
86	16.223	440	1.4178	50528	0.2321	3.3454	-0.1331
87	15.26	440	1.3336	51723	0.22468	3.3454	-0.1331
88	14.16	440	1.2374	53280	0.20903	3.3454	-0.1331
89	13.072	440	1.1424	54836	0.20036	3.3454	-0.1331
90	12.066	440	1.0544	56393	0.19199	3.3454	-0.1331
91	11.129	440	0.97263	57949	0.18444	3.3454	-0.1331
92	10.262	440	0.89686	59506	0.17725	3.3454	-0.1331
93	9.463	440	0.827	61062	0.17011	3.3454	-0.1331
94	8.7263	440	0.76262	62619	0.16304	3.3454	-0.1331
95	8.0473	440	0.70328	64175	0.15604	3.3454	-0.1331
96	7.9168	440	0.69187	65732	0.10588	3.3454	-0.1331
97	7.907	440	0.69102	67288	0.049618	3.3454	-0.1331
98	7.9054	440.02	0.6909	68845	-0.0031575	3.3454	-0.1331
99	7.9063	440.19	0.69125	70401	-0.052512	3.3454	-0.1331
100	7.9078	440.49	0.69185	71958	-0.098522	3.3454	-0.1331
101	7.5532	440.49	0.66083	73514	-0.10959	3.3454	-0.1331
102	7.1823	440.49	0.62838	75071	-0.11616	3.3454	-0.1331
103	6.8363	440.49	0.59811	76627	-0.12207	3.3454	-0.1331
104	6.5134	440.49	0.56985	78184	-0.12736	3.3454	-0.1331
105	6.2115	440.49	0.54344	79740	-0.13206	3.3454	-0.1331
106	5.8933	440.49	0.51561	81297	-0.13309	3.3454	-0.1331
107	5.5866	440.49	0.48877	82853	-0.13303	3.3454	-0.1331
108	5.2992	440.49	0.46363	84410	-0.13274	3.3454	-0.1331
109	5.0298	440.49	0.44006	85966	-0.13223	3.3454	-0.1331
110	4.7771	440.49	0.41795	87523	-0.13153	3.3454	-0.1331
111	4.4353	440.49	0.38804	89633	-0.12822	3.3454	-0.1331
112	4.0865	440.49	0.35753	91742	-0.12176	3.3454	-0.1331
113	3.7655	440.49	0.32945	93852	-0.11544	3.3454	-0.1331
114	3.4715	440.49	0.30372	95962	-0.10941	3.3454	-0.1331
115	3.202	440.49	0.28014	98072	-0.10367	3.3454	-0.1331
116	2.9501	440.49	0.25811	1.0018e+005	-0.097787	3.3454	-0.1331
117	2.7173	440.49	0.23773	1.0229e+005	-0.092043	3.3454	-0.1331
118	2.5036	440.49	0.21904	1.044e+005	-0.086609	3.3454	-0.1331
119	2.3077	440.49	0.2019	1.0651e+005	-0.081477	3.3454	-0.1331
120	2.1285	440.49	0.18622	1.0862e+005	-0.076645	3.3454	-0.1331
121	1.9553	440.49	0.17107	1.1073e+005	-0.07129	3.3454	-0.1331
122	1.7932	440.49	0.15689	1.1284e+005	-0.065958	3.3454	-0.1331
123	1.6451	440.49	0.14393	1.1495e+005	-0.061006	3.3454	-0.1331
124	1.5099	440.49	0.1321	1.1706e+005	-0.056427	3.3454	-0.1331
125	1.3865	440.49	0.1213	1.1917e+005	-0.052194	3.3454	-0.1331
126	1.2771	440.49	0.11173	1.2128e+005	-0.04858	3.3454	-0.1331
127	1.1786	440.49	0.10311	1.2339e+005	-0.04536	3.3454	-0.1331
128	1.0883	440.49	0.095219	1.255e+005	-0.042371	3.3454	-0.1331
129	1.0056	440.49	0.087982	1.2761e+005	-0.03959	3.3454	-0.1331
130	0.93038	440.49	0.081399	1.2972e+005	-0.037058	3.3454	-0.1331
131	0.87242	440.49	0.076328	1.3094e+005	-0.034171	3.3454	-0.1331
132	0.76239	440.49	0.066701	1.3239e+005	-0.026973	3.3454	-0.1331
133	0.63963	440.49	0.055962	1.3449e+005	-0.019497	3.3454	-0.1331
134	0.52361	440.49	0.045811	1.3656e+005	-0.012275	3.3454	-0.1331
135	0.42121	440.49	0.036851	1.386e+005	-0.0059508	3.3454	-0.1331
136	0.42516	538.64	0.045486	1.406e+005	-0.016962	3.3454	-0.1331
137	0.44665	649.47	0.057617	1.4257e+005	-0.031236	3.3454	-0.1331
138	0.46401	732.53	0.067511	1.4452e+005	-0.043083	3.3454	-0.1331
139	0.47782	795	0.07545	1.465e+005	-0.052844	3.3454	-0.1331
140	0.48819	840.03	0.081454	1.4859e+005	-0.060609	3.3454	-0.1331
141	0.34619	840.07	0.057764	1.5074e+005	-0.038582	3.3454	-0.1331
142	0.23713	840.07	0.039566	1.5291e+005	-0.021913	3.3454	-0.1331
143	0.18233	840.07	0.030423	1.5507e+005	-0.014165	3.3454	-0.1331
144	0.16624	840.07	0.027737	1.5723e+005	-0.012756	3.3454	-0.1331
145	0.15465	840.07	0.025803	1.5938e+005	-0.011997	3.3454	-0.1331
146	0.14388	840.07	0.024007	1.6154e+005	-0.011281	3.3454	-0.1331
147	0.13385	840.07	0.022334	1.6369e+005	-0.010604	3.3454	-0.1331
148	0.12451	840.07	0.020776	1.6584e+005	-0.0099628	3.3454	-0.1331
149	0.11582	840.07	0.019326	1.6798e+005	-0.009357	3.3454	-0.1331
150	0.10773	840.07	0.017974	1.7013e+005	-0.0087848	3.3454	-0.1331
151	0.10013	840.07	0.016707	1.7228e+005	-0.0082401	3.3454	-0.1331
152	0.093007	840.07	0.015519	1.7442e+005	-0.0077219	3.3454	-0.1331
153	0.086331	840.07	0.014405	1.7657e+005	-0.0072294	3.3454	-0.1331
154	0.079763	840.07	0.013309	1.7872e+005	-0.0067096	3.3454	-0.1331
155	0.072769	840.07	0.012142	1.8088e+005	-0.0060763	3.3454	-0.1331
156	0.066315	840.07	0.011065	1.8303e+005	-0.005494	3.3454	-0.1331
157	0.060387	840.07	0.010076	1.8519e+005	-0.0049629	3.3454	-0.1331
158	0.054948	840.07	0.0091683	1.8736e+005	-0.004479	3.3454	-0.1331
159	0.049957	840.07	0.0083356	1.8953e+005	-0.0040384	3.3454	-0.1331
160	0.04538	840.07	0.0075718	1.917e+005	-0.0036374	3.3454	-0.1331
161	0.045925	848.06	0.0077357	1.9388e+005	-0.0041364	3.3454	-0.1331
162	0.046451	853.38	0.0078734	1.9607e+005	-0.0045837	3.3454	-0.1331
163	0.046616	855.12	0.0079175	1.9827e+005	-0.0049138	3.3454	-0.1331
164	0.046416	855.12	0.0078836	2.0047e+005	-0.0051437	3.3454	-0.1331
165	0.045832	855.12	0.0077843	2.0268e+005	-0.0052877	3.3454	-0.1331
166	0.038305	855.12	0.0065059	2.0491e+005	-0.0042336	3.3454	-0.1331
167	0.030102	855.12	0.0051126	2.0714e+005	-0.0030468	3.3454	-0.1331
168	0.022961	855.12	0.0038999	2.0937e+005	-0.0020232	3.3454	-0.1331
169	0.016931	855.12	0.0028757	2.1159e+005	-0.0011704	3.3454	-0.1331
170	0.011934	855.12	0.002027	2.1376e+005	-0.00047645	3.3454	-0.1331
171	0.0090782	855.12	0.0015419	2.1591e+005	-0.00013108	3.3454	-0.1331
172	0.0080949	855.12	0.0013749	2.1803e+005	-9.0284e-005	3.3454	-0.1331
173	0.007372	855.12	0.0012521	2.2011e+005	-8.1641e-005	3.3454	-0.1331
174	0.0067203	855.12	0.0011414	2.2216e+005	-7.4154e-005	3.3454	-0.1331
175	0.006131	855.12	0.0010413	2.2418e+005	-6.7399e-005	3.3454	-0.1331
176	0.0055975	855.12	0.00095071	2.2617e+005	-6.1312e-005	3.3454	-0.1331
177	0.0051145	855.12	0.00086867	2.2813e+005	-5.581e-005	3.3454	-0.1331
178	0.0046771	855.12	0.00079438	2.3006e+005	-5.084e-005	3.3454	-0.1331
179	0.0042806	855.12	0.00072703	2.3195e+005	-4.6353e-005	3.3454	-0.1331
180	0.0039211	855.12	0.00066597	2.3381e+005	-4.2293e-005	3.3454	-0.1331
181	0.0035953	855.12	0.00061064	2.3564e+005	-3.8675e-005	3.3454	-0.1331
182	0.0032998	855.12	0.00056045	2.3744e+005	-3.5409e-005	3.3454	-0.1331
183	0.0030318	855.12	0.00051494	2.3921e+005	-3.2443e-005	3.3454	-0.1331
184	0.0027888	855.12	0.00047367	2.4095e+005	-2.9758e-005	3.3454	-0.1331
185	0.0025681	855.12	0.00043618	2.4265e+005	-2.7328e-005	3.3454	-0.1331
186	0.0023676	855.12	0.00040212	2.4433e+005	-2.5123e-005	3.3454	-0.1331
187	0.0021853	855.12	0.00037116	2.4597e+005	-2.3122e-005	3.3454	-0.1331
188	0.0020194	855.12	0.00034299	2.4758e+005	-2.1307e-005	3.3454	-0.1331
189	0.0018683	855.12	0.00031732	2.4916e+005	-1.9656e-005	3.3454	-0.1331
190	0.0017307	855.12	0.00029394	2.5071e+005	-1.8154e-005	3.3454	-0.1331
191	0.001606	855.12	0.00027278	2.5222e+005	-1.6949e-005	3.3454	-0.1331
192	0.0014924	855.12	0.00025347	2.5371e+005	-1.5869e-005	3.3454	-0.1331
193	0.0013886	855.12	0.00023584	2.5516e+005	-1.4874e-005	3.3454	-0.1331
194	0.0012936	855.12	0.00021971	2.5658e+005	-1.396e-005	3.3454	-0.1331
195	0.0012067	855.12	0.00020495	2.5797e+005	-1.3116e-005	3.3454	-0.1331
196	0.0011271	855.12	0.00019143	2.5933e+005	-1.2339e-005	3.3454	-0.1331
197	0.0010541	855.12	0.00017904	2.6066e+005	-1.1622e-005	3.3454	-0.1331
198	0.00098723	855.12	0.00016768	2.6196e+005	-1.096e-005	3.3454	-0.1331
199	0.00092583	855.12	0.00015725	2.6322e+005	-1.0348e-005	3.3454	-0.1331
200	0.00086944	855.12	0.00014767	2.6446e+005	-9.7841e-006	3.3454	-0.1331
201	0.00081743	855.12	0.00013884	2.6566e+005	-9.2301e-006	3.3454	-0.1331
202	0.00076959	855.12	0.00013071	2.6683e+005	-8.7148e-006	3.3454	-0.1331
203	0.00072557	855.12	0.00012323	2.6797e+005	-8.2403e-006	3.3454	-0.1331
204	0.00068505	855.12	0.00011635	2.6908e+005	-7.8024e-006	3.3454	-0.1331
205	0.00064774	855.12	0.00011002	2.7015e+005	-7.3983e-006	3.3454	-0.1331
206	0.00061336	855.12	0.00010418	2.712e+005	-7.0256e-006	3.3454	-0.1331
207	0.00058166	855.12	9.8792e-005	2.7221e+005	-6.6815e-006	3.3454	-0.1331
208	0.00055243	855.12	9.3828e-005	2.7319e+005	-6.3636e-006	3.3454	-0.1331
209	0.00052546	855.12	8.9247e-005	2.7415e+005	-6.0702e-006	3.3454	-0.1331
210	0.00050056	855.12	8.5018e-005	2.7507e+005	-5.799e-006	3.3454	-0.1331
211	0.00047761	855.12	8.1119e-005	2.7595e+005	-5.5535e-006	3.3454	-0.1331
212	0.00045641	855.12	7.7519e-005	2.7681e+005	-5.3273e-006	3.3454	-0.1331
213	0.00043684	855.12	7.4194e-005	2.7764e+005	-5.1181e-006	3.3454	-0.1331
214	0.00041876	855.12	7.1125e-005	2.7843e+005	-4.9249e-006	3.3454	-0.1331
215	0.00040207	855.12	6.829e-005	2.7919e+005	-4.7466e-006	3.3454	-0.1331
216	0.00038666	855.12	6.5672e-005	2.7993e+005	-4.5819e-006	3.3454	-0.1331
217	0.00037244	855.12	6.3257e-005	2.8063e+005	-4.4301e-006	3.3454	-0.1331
218	0.00035932	855.12	6.1028e-005	2.813e+005	-4.2904e-006	3.3454	-0.1331
219	0.00034722	855.12	5.8973e-005	2.8193e+005	-4.1617e-006	3.3454	-0.1331
220	0.00033557	855.12	5.6994e-005	2.8254e+005	-4.0476e-006	3.3454	-0.1331
221	0.00032459	855.12	5.5131e-005	2.8312e+005	-3.9401e-006	3.3454	-0.1331
222	0.00031459	855.12	5.3431e-005	2.8366e+005	-3.8439e-006	3.3454	-0.1331
223	0.00030547	855.12	5.1883e-005	2.8417e+005	-3.7571e-006	3.3454	-0.1331
224	0.00029719	855.12	5.0476e-005	2.8465e+005	-3.6793e-006	3.3454	-0.1331
225	0.00028966	855.12	4.9198e-005	2.851e+005	-3.6098e-006	3.3454	-0.1331
226	0.00028287	855.12	4.8043e-005	2.8552e+005	-3.5483e-006	3.3454	-0.1331
227	0.00027674	855.12	4.7002e-005	2.8591e+005	-3.4943e-006	3.3454	-0.1331
228	0.00027124	855.12	4.6069e-005	2.8626e+005	-3.4475e-006	3.3454	-0.1331
229	0.00026635	855.12	4.5238e-005	2.8659e+005	-3.4075e-006	3.3454	-0.1331
230	0.00026202	855.12	4.4503e-005	2.8688e+005	-3.3741e-006	3.3454	-0.1331
231	0.00025825	855.12	4.3862e-005	2.8714e+005	-3.3482e-006	3.3454	-0.1331
232	0.00025499	855.12	4.3308e-005	2.8738e+005	-3.3285e-006	3.3454	-0.1331
233	0.00025222	855.12	4.2839e-005	2.8757e+005	-3.3148e-006	3.3454	-0.1331
234	0.00024994	855.12	4.2451e-005	2.8774e+005	-3.3071e-006	3.3454	-0.1331
235	0.00024813	855.12	4.2144e-005	2.8788e+005	-3.3053e-006	3.3454	-0.1331
236	0.00024678	855.12	4.1914e-005	2.8799e+005	-3.3094e-006	3.3454	-0.1331
237	0.00024587	855.12	4.176e-005	2.8806e+005	-3.3194e-006	3.3454	-0.1331
238	0.00024541	855.12	4.1681e-005	2.881e+005	-3.3353e-006	3.3454	-0.1331
239	0.00024535	855.12	4.1671e-005	2.8812e+005	-3.3567e-006	3.3454	-0.1331
240	0.00024589	854.69	4.1742e-005	2.881e+005	-3.3845e-006	3.3454	-0.1331
241	0.00024691	853.88	4.1875e-005	2.8805e+005	-3.4057e-006	3.3454	-0.1331
242	0.0002485	852.64	4.2084e-005	2.8796e+005	-3.4327e-006	3.3454	-0.1331
243	0.00025068	850.96	4.237e-005	2.8785e+005	-3.4657e-006	3.3454	-0.1331
244	0.00025346	848.87	4.2734e-005	2.8771e+005	-3.505e-006	3.3454	-0.1331
245	0.00025685	846.4	4.3179e-005	2.8753e+005	-3.5507e-006	3.3454	-0.1331
246	0.00026087	843.54	4.3707e-005	2.8732e+005	-3.6031e-006	3.3454	-0.1331
247	0.00026554	840.34	4.4321e-005	2.8708e+005	-3.6625e-006	3.3454	-0.1331
248	0.0002709	836.81	4.5026e-005	2.8681e+005	-3.7292e-006	3.3454	-0.1331
249	0.00027697	833	4.5824e-005	2.8651e+005	-3.8036e-006	3.3454	-0.1331
250	0.00028379	828.91	4.6722e-005	2.8618e+005	-3.8861e-006	3.3454	-0.1331
251	0.00029102	824.81	4.7676e-005	2.8581e+005	-3.9283e-006	3.3454	-0.1331
252	0.00029904	820.55	4.8738e-005	2.8542e+005	-3.9759e-006	3.3454	-0.1331
253	0.00030791	816.16	4.9914e-005	2.8499e+005	-4.0308e-006	3.3454	-0.1331
254	0.00031769	811.66	5.1216e-005	2.8453e+005	-4.0935e-006	3.3454	-0.1331
255	0.00032844	807.09	5.265e-005	2.8404e+005	-4.1643e-006	3.3454	-0.1331
256	0.00034021	802.48	5.4226e-005	2.8352e+005	-4.2437e-006	3.3454	-0.1331
257	0.0003531	797.86	5.5956e-005	2.8297e+005	-4.332e-006	3.3454	-0.1331
258	0.00036718	793.25	5.7851e-005	2.8239e+005	-4.4298e-006	3.3454	-0.1331
259	0.00038185	788.88	5.9831e-005	2.8177e+005	-4.5409e-006	3.3454	-0.1331
260	0.00039715	784.75	6.1903e-005	2.8113e+005	-4.6471e-006	3.3454	-0.1331
261	0.00041357	780.77	6.4136e-005	2.8045e+005	-4.7465e-006	3.3454	-0.1331
262	0.00043126	776.97	6.6554e-005	2.7974e+005	-4.8537e-006	3.3454	-0.1331
263	0.00045033	773.37	6.9174e-005	2.79e+005	-4.9701e-006	3.3454	-0.1331
264	0.00047088	769.97	7.2013e-005	2.7823e+005	-5.0962e-006	3.3454	-0.1331
265	0.000493	766.8	7.5085e-005	2.7743e+005	-5.2327e-006	3.3454	-0.1331
266	0.00051683	763.85	7.8412e-005	2.7659e+005	-5.3798e-006	3.3454	-0.1331
267	0.00054251	761.13	8.2016e-005	2.7573e+005	-5.5383e-006	3.3454	-0.1331
268	0.00057015	758.66	8.5914e-005	2.7483e+005	-5.7092e-006	3.3454	-0.1331
269	0.00059994	756.44	9.0137e-005	2.739e+005	-5.8925e-006	3.3454	-0.1331
270	0.00063205	754.46	9.4713e-005	2.7294e+005	-6.0895e-006	3.3454	-0.1331
271	0.00066673	752.82	9.9694e-005	2.7195e+005	-6.3262e-006	3.3454	-0.1331
272	0.00070396	751.64	0.0001051	2.7093e+005	-6.5832e-006	3.3454	-0.1331
273	0.00074396	750.9	0.00011096	2.6988e+005	-6.8597e-006	3.3454	-0.1331
274	0.0007869	750.59	0.00011731	2.6879e+005	-7.1578e-006	3.3454	-0.1331
275	0.00083306	750.71	0.00012422	2.6768e+005	-7.4782e-006	3.3454	-0.1331
276	0.00088273	751.25	0.00013172	2.6653e+005	-7.823e-006	3.3454	-0.1331
277	0.00093617	752.18	0.00013986	2.6535e+005	-8.1946e-006	3.3454	-0.1331
278	0.00099373	753.5	0.00014872	2.6414e+005	-8.5943e-006	3.3454	-0.1331
279	0.0010558	755.21	0.00015837	2.629e+005	-9.0245e-006	3.3454	-0.1331
280	0.0011227	757.28	0.00016887	2.6163e+005	-9.4888e-006	3.3454	-0.1331
281	0.0011948	759.76	0.00018031	2.6032e+005	-9.988e-006	3.3454	-0.1331
282	0.0012726	762.72	0.00019278	2.5899e+005	-1.0526e-005	3.3454	-0.1331
283	0.0013563	766.13	0.00020639	2.5762e+005	-1.1108e-005	3.3454	-0.1331
284	0.0014467	769.97	0.00022126	2.5622e+005	-1.1734e-005	3.3454	-0.1331
285	0.0015444	774.23	0.0002375	2.5479e+005	-1.2409e-005	3.3454	-0.1331
286	0.00165	778.89	0.00025526	2.5333e+005	-1.314e-005	3.3454	-0.1331
287	0.0017642	783.93	0.00027469	2.5184e+005	-1.3927e-005	3.3454	-0.1331
288	0.0018878	789.34	0.00029597	2.5031e+005	-1.4778e-005	3.3454	-0.1331
289	0.0020218	795.09	0.00031929	2.4876e+005	-1.57e-005	3.3454	-0.1331
290	0.0021672	801.18	0.00034486	2.4717e+005	-1.6694e-005	3.3454	-0.1331
291	0.0023248	807.74	0.00037298	2.4555e+005	-1.7811e-005	3.3454	-0.1331
292	0.0024952	814.88	0.00040386	2.439e+005	-1.9033e-005	3.3454	-0.1331
293	0.0026797	822.56	0.0004378	2.4222e+005	-2.0357e-005	3.3454	-0.1331
294	0.0028796	830.78	0.00047516	2.4051e+005	-2.1796e-005	3.3454	-0.1331
295	0.0030962	839.48	0.00051626	2.3877e+005	-2.3364e-005	3.3454	-0.1331
296	0.0033313	848.66	0.00056153	2.3699e+005	-2.5067e-005	3.3454	-0.1331
297	0.0035869	858.29	0.00061147	2.3518e+005	-2.692e-005	3.3454	-0.1331
298	0.0038643	868.33	0.00066647	2.3335e+005	-2.8952e-005	3.3454	-0.1331
299	0.0041655	878.75	0.00072704	2.3148e+005	-3.1158e-005	3.3454	-0.1331
300	0.004493	889.54	0.00079383	2.2958e+005	-3.3554e-005	3.3454	-0.1331
301	0.0048475	900.84	0.00086735	2.2764e+005	-3.6073e-005	3.3454	-0.1331
302	0.005231	912.82	0.00094841	2.2568e+005	-3.8786e-005	3.3454	-0.1331
303	0.0056466	925.46	0.0010379	2.2369e+005	-4.1723e-005	3.3454	-0.1331
304	0.0060967	938.7	0.0011367	2.2166e+005	-4.4921e-005	3.3454	-0.1331
305	0.0065849	952.5	0.0012458	2.196e+005	-4.8382e-005	3.3454	-0.1331
306	0.0071152	966.86	0.0013664	2.1751e+005	-5.2131e-005	3.3454	-0.1331
307	0.0076909	981.73	0.0014997	2.1539e+005	-5.6211e-005	3.3454	-0.1331
308	0.0083168	997.07	0.001647	2.1324e+005	-6.063e-005	3.3454	-0.1331
309	0.008998	1012.9	0.0018102	2.1106e+005	-6.5418e-005	3.3454	-0.1331
310	0.0097391	1029.1	0.0019907	2.0884e+005	-7.0631e-005	3.3454	-0.1331
311	0.010547	1045.8	0.0021908	2.066e+005	-7.661e-005	3.3454	-0.1331
312	0.011425	1063.2	0.0024126	2.0432e+005	-8.3167e-005	3.3454	-0.1331
313	0.012381	1081	0.0026584	2.0201e+005	-9.0346e-005	3.3454	-0.1331
314	0.013421	1099.4	0.0029307	1.9968e+005	-9.8169e-005	3.3454	-0.1331
315	0.014555	1118.3	0.0032328	1.973e+005	-0.00010671	3.3454	-0.1331
316	0.015791	1137.6	0.0035678	1.949e+005	-0.00011606	3.3454	-0.1331
317	0.017139	1157.3	0.0039394	1.9247e+005	-0.00012625	3.3454	-0.1331
318	0.01861	1177.4	0.0043519	1.9001e+005	-0.00013738	3.3454	-0.1331
319	0.020216	1197.8	0.0048096	1.8751e+005	-0.00014957	3.3454	-0.1331
320	0.02197	1218.6	0.0053178	1.8499e+005	-0.00016286	3.3454	-0.1331
321	0.023886	1239.7	0.0058815	1.8243e+005	-0.00017657	3.3454	-0.1331
322	0.025978	1261.1	0.0065071	1.7985e+005	-0.00019142	3.3454	-0.1331
323	0.028265	1282.9	0.0072021	1.7723e+005	-0.00020748	3.3454	-0.1331
324	0.030768	1304.9	0.0079744	1.7458e+005	-0.00022489	3.3454	-0.1331
325	0.033506	1327.1	0.0088321	1.719e+005	-0.00024382	3.3454	-0.1331
326	0.036503	1349.6	0.009785	1.692e+005	-0.00026428	3.3454	-0.1331
327	0.039792	1372.4	0.010846	1.6646e+005	-0.00028592	3.3454	-0.1331
328	0.043426	1395.5	0.012037	1.6369e+005	-0.0003094	3.3454	-0.1331
329	0.047447	1419	0.013373	1.609e+005	-0.00033497	3.3454	-0.1331
330	0.051905	1442.8	0.014875	1.5807e+005	-0.0003628	3.3454	-0.1331
331	0.056868	1466.9	0.016569	1.5521e+005	-0.00039833	3.3454	-0.1331
332	0.062413	1491.2	0.018486	1.5233e+005	-0.00043801	3.3454	-0.1331
333	0.068651	1515.8	0.020668	1.4942e+005	-0.00048181	3.3454	-0.1331
334	0.075678	1540.6	0.023157	1.4648e+005	-0.00053116	3.3454	-0.1331
335	0.083615	1565.6	0.026001	1.4352e+005	-0.00058649	3.3454	-0.1331
336	0.092603	1590.8	0.02926	1.4052e+005	-0.00064867	3.3454	-0.1331
337	0.10279	1616.2	0.032999	1.3751e+005	-0.00071905	3.3454	-0.1331
338	0.11438	1641.8	0.037297	1.3447e+005	-0.00079845	3.3454	-0.1331
339	0.12758	1667.4	0.042252	1.314e+005	-0.00088803	3.3454	-0.1331
340	0.14265	1693.1	0.04797	1.2832e+005	-0.00099008	3.3454	-0.1331
341	0.15992	1718.2	0.054577	1.2522e+005	-0.0011007	3.3454	-0.1331
342	0.17986	1742.1	0.062234	1.2209e+005	-0.0012249	3.3454	-0.1331
343	0.20288	1764.7	0.071114	1.1895e+005	-0.0013663	3.3454	-0.1331
344	0.22952	1786.2	0.081431	1.158e+005	-0.0015262	3.3454	-0.1331
345	0.26041	1806.6	0.093443	1.1264e+005	-0.0017071	3.3454	-0.1331
346	0.29621	1825.9	0.10743	1.0947e+005	-0.0019143	3.3454	-0.1331
347	0.33777	1844.2	0.12373	1.063e+005	-0.0021498	3.3454	-0.1331
348	0.38598	1861.5	0.14271	1.0313e+005	-0.0024267	3.3454	-0.1331
349	0.44151	1877.8	0.16467	99963	-0.002751	3.3454	-0.1331
350	0.50542	1893.2	0.19005	96809	-0.0031187	3.3454	-0.1331
351	0.57908	1906.7	0.21931	93673	-0.0035335	3.3454	-0.1331
352	0.66408	1917.6	0.25294	90562	-0.0040077	3.3454	-0.1331
353	0.76174	1926.2	0.29144	87488	-0.0045542	3.3454	-0.1331
354	0.87349	1932.8	0.33532	84458	-0.0051791	3.3454	-0.1331
355	1.0008	1937.5	0.38513	81482	-0.0058925	3.3454	-0.1331
356	1.1467	1939.2	0.44167	78571	-0.0071312	3.3454	-0.1331
357	1.311	1937	0.50437	75735	-0.0079209	3.3454	-0.1331
358	1.4961	1931.4	0.57394	72982	-0.0086649	3.3454	-0.1331
359	1.7031	1923	0.65052	70324	-0.0094218	3.3454	-0.1331
360	1.9327	1912.3	0.73411	67767	-0.010165	3.3454	-0.1331
361	2.1903	1897.5	0.8255	65316	-0.011762	3.3454	-0.1331
362	2.4759	1877.5	0.92332	62979	-0.013449	3.3454	-0.1331
363	2.7891	1853.3	1.0267	60757	-0.01493	3.3454	-0.1331
364	3.1308	1825.7	1.1353	58648	-0.01621	3.3454	-0.1331
365	3.5008	1795.2	1.2482	56654	-0.017261	3.3454	-0.1331
366	3.8978	1761.9	1.364	54770	-0.017052	3.3454	-0.1331
367	4.3277	1725.3	1.483	52992	-0.016484	3.3454	-0.1331
368	4.7921	1685.7	1.6045	51316	-0.015652	3.3454	-0.1331
369	5.2928	1643.8	1.728	49738	-0.014548	3.3454	-0.1331
370	5.8325	1599.6	1.8531	48250	-0.013185	3.3454	-0.1331
371	6.4569	1551.5	1.9898	46847	-0.022189	3.3454	-0.1331
372	7.1142	1505.1	2.1267	45531	-0.031177	3.3454	-0.1331
373	7.8051	1459.9	2.2633	44283	-0.038815	3.3454	-0.1331
374	8.5301	1415.9	2.3988	43102	-0.045048	3.3454	-0.1331
375	9.3075	1371.8	2.5359	41982	-0.052486	3.3454	-0.1331
376	10.077	1331.7	2.6653	40917	-0.051927	3.3454	-0.1331
377	10.866	1294.4	2.7935	39906	-0.05043	3.3454	-0.1331
378	11.686	1258.9	2.9218	38937	-0.048588	3.3454	-0.1331
379	12.548	1224.5	3.0518	37998	-0.046416	3.3454	-0.1331
380	13.461	1191	3.1841	37082	-0.043992	3.3454	-0.1331
381	14.315	1162.2	3.3045	36184	-0.026319	3.3454	-0.1331
382	15.213	1134.7	3.4285	35301	-0.0091985	3.3454	-0.1331
383	16.706	1094.2	3.6308	33951	0.013684	3.3454	-0.1331
384	16.878	1089.9	3.6538	33804	0.015895	3.3454	-0.1331
385	17.327	1078.7	3.7124	33375	0.031692	3.3454	-0.1331
386	17.886	1065.1	3.7839	33000	0.026283	3.3454	-0.1331
387	18.433	1052.3	3.8526	32650	0.020148	3.3454	-0.1331
388	18.963	1040.2	3.9179	32324	0.013885	3.3454	-0.1331
389	19.468	1029	3.979	32025	0.0074832	3.3454	-0.1331
390	19.971	1018.1	4.0385	31738	0.0010898	3.3454	-0.1331
391	20.413	1008.8	4.0903	31462	0.00083332	3.3454	-0.1331
392	20.836	1000.2	4.1396	31202	0.00075101	3.3454	-0.1331
393	21.254	992.06	4.1879	30949	0.00071107	3.3454	-0.1331
394	21.666	984.2	4.2354	30703	0.0006751	3.3454	-0.1331
395	22.07	976.74	4.2816	30465	0.00062869	3.3454	-0.1331
396	22.471	969.54	4.3273	30232	0.00059898	3.3454	-0.1331
397	22.871	962.56	4.3725	30003	0.00057457	3.3454	-0.1331
398	23.267	955.83	4.4171	29779	0.00054393	3.3454	-0.1331
399	23.662	949.29	4.4613	29559	0.00052034	3.3454	-0.1331
400	24.057	942.9	4.5054	29342	0.0005016	3.3454	-0.1331
401	24.45	936.72	4.5491	29128	0.0004886	3.3454	-0.1331
402	24.842	930.79	4.5925	28917	0.00047868	3.3454	-0.1331
403	25.232	925.05	4.636	28707	0.00047313	3.3454	-0.1331
404	25.621	919.51	4.6793	28500	0.00046605	3.3454	-0.1331
405	26.008	914.17	4.7224	28295	0.00045711	3.3454	-0.1331
406	26.396	908.99	4.7656	28092	0.00045361	3.3454	-0.1331
407	26.783	903.96	4.8088	27889	0.00045002	3.3454	-0.1331
408	27.169	899.1	4.8519	27689	0.00044336	3.3454	-0.1331
409	27.556	894.38	4.8951	27490	0.00044059	3.3454	-0.1331
410	27.942	889.79	4.9383	27292	0.00043786	3.3454	-0.1331
411	28.328	885.35	4.9815	27095	0.0004319	3.3454	-0.1331
412	28.714	881.04	5.0248	26900	0.00042936	3.3454	-0.1331
413	29.1	876.86	5.0682	26705	0.00042704	3.3454	-0.1331
414	29.485	872.82	5.1116	26512	0.00042214	3.3454	-0.1331
415	29.87	868.9	5.155	26320	0.00041926	3.3454	-0.1331
416	30.255	865.09	5.1986	26128	0.00041734	3.3454	-0.1331
417	30.64	861.4	5.2423	25937	0.00041433	3.3454	-0.1331
418	31.025	857.81	5.286	25748	0.00041098	3.3454	-0.1331
419	31.41	854.33	5.3299	25559	0.00040904	3.3454	-0.1331
420	31.795	850.95	5.3738	25371	0.00040626	3.3454	-0.1331
421	32.18	847.66	5.4179	25184	0.00040369	3.3454	-0.1331
422	32.565	844.47	5.462	24998	0.00040207	3.3454	-0.1331
423	32.95	841.36	5.5063	24812	0.00039974	3.3454	-0.1331
424	33.335	838.34	5.5506	24628	0.00039649	3.3454	-0.1331
425	33.72	835.39	5.595	24444	0.00039526	3.3454	-0.1331
426	34.106	832.53	5.6396	24261	0.00039398	3.3454	-0.1331
427	34.491	829.74	5.6842	24078	0.00039003	3.3454	-0.1331
428	34.876	827.03	5.729	23897	0.00038865	3.3454	-0.1331
429	35.262	824.39	5.7738	23716	0.00038731	3.3454	-0.1331
430	35.648	821.82	5.8188	23536	0.00038459	3.3454	-0.1331
431	36.034	819.31	5.8638	23356	0.00038277	3.3454	-0.1331
432	36.42	816.87	5.909	23177	0.00038129	3.3454	-0.1331
433	36.806	814.49	5.9543	22999	0.00037862	3.3454	-0.1331
434	37.192	812.17	5.9996	22822	0.0003771	3.3454	-0.1331
435	37.579	809.91	6.0452	22645	0.00037586	3.3454	-0.1331
436	37.965	807.71	6.0907	22469	0.00037314	3.3454	-0.1331
437	38.352	805.57	6.1364	22294	0.00037108	3.3454	-0.1331
438	38.739	803.48	6.1822	22119	0.00037	3.3454	-0.1331
439	39.126	801.43	6.2281	21945	0.00036841	3.3454	-0.1331
440	39.512	799.45	6.2741	21772	0.0003657	3.3454	-0.1331
441	39.9	797.51	6.3202	21599	0.00036443	3.3454	-0.1331
442	40.287	795.61	6.3664	21427	0.00036284	3.3454	-0.1331
443	40.674	793.77	6.4126	21255	0.00036079	3.3454	-0.1331
444	41.062	791.96	6.4591	21085	0.00035946	3.3454	-0.1331
445	41.45	790.2	6.5056	20914	0.00035797	3.3454	-0.1331
446	41.837	788.49	6.5521	20745	0.00035519	3.3454	-0.1331
447	42.225	786.81	6.5988	20576	0.00035431	3.3454	-0.1331
448	42.614	785.17	6.6457	20407	0.00035338	3.3454	-0.1331
449	43.001	783.58	6.6925	20240	0.00035045	3.3454	-0.1331
450	43.39	782.02	6.7395	20073	0.00034913	3.3454	-0.1331
451	43.777	780.53	6.7866	19906	0.00034553	3.3454	-0.1331
452	44.161	779.12	6.8338	19740	0.0003411	3.3454	-0.1331
453	44.542	777.79	6.8811	19575	0.00033678	3.3454	-0.1331
454	44.921	776.55	6.9285	19410	0.00033319	3.3454	-0.1331
455	45.297	775.38	6.976	19246	0.00032901	3.3454	-0.1331
456	45.67	774.28	7.0236	19082	0.0003252	3.3454	-0.1331
457	46.042	773.26	7.0713	18919	0.00032191	3.3454	-0.1331
458	46.41	772.3	7.1191	18756	0.00031794	3.3454	-0.1331
459	46.776	771.41	7.1669	18595	0.0003138	3.3454	-0.1331
460	47.139	770.59	7.2149	18433	0.00031089	3.3454	-0.1331
461	47.503	769.79	7.263	18272	0.00031114	3.3454	-0.1331
462	48.771	767.07	7.4305	17706	0.0039083	3.3454	-0.1331
463	49.791	764.95	7.565	17274	0.0023086	3.3454	-0.1331
464	50.814	762.88	7.6996	16843	0.0023319	3.3454	-0.1331
465	51.808	760.93	7.83	16431	0.0021494	3.3454	-0.1331
466	52.753	759.12	7.954	16045	0.0019086	3.3454	-0.1331
467	53.659	757.46	8.0728	15680	0.0017283	3.3454	-0.1331
468	54.529	755.91	8.187	15333	0.0015722	3.3454	-0.1331
469	55.372	754.46	8.2976	15000	0.0014552	3.3454	-0.1331
470	56.197	753.09	8.406	14677	0.0013782	3.3454	-0.1331
471	57.01	751.78	8.5127	14363	0.0013203	3.3454	-0.1331
472	57.811	750.53	8.6179	14056	0.0012657	3.3454	-0.1331
473	58.597	749.33	8.7212	13757	0.0012069	3.3454	-0.1331
474	59.353	748.21	8.8206	13473	0.0011018	3.3454	-0.1331
475	60.08	747.17	8.9161	13202	0.0010059	3.3454	-0.1331
476	60.782	746.19	9.0084	12943	0.00092883	3.3454	-0.1331
477	61.462	745.27	9.0979	12693	0.00086545	3.3454	-0.1331
478	62.128	744.39	9.1857	12451	0.00082167	3.3454	-0.1331
479	62.776	743.56	9.2712	12215	0.0007739	3.3454	-0.1331
480	63.413	742.77	9.3553	11986	0.00073904	3.3454	-0.1331
481	64.04	742.01	9.4381	11762	0.00071072	3.3454	-0.1331
482	64.659	741.29	9.52	11542	0.00068807	3.3454	-0.1331
483	65.271	740.59	9.6012	11325	0.00066878	3.3454	-0.1331
484	65.876	739.92	9.6812	11113	0.00064523	3.3454	-0.1331
485	66.478	739.26	9.7612	10903	0.00063755	3.3454	-0.1331
486	64.749	739.26	9.5072	10695	0.33403	3.3454	-0.1331
487	62.959	739.26	9.2444	10490	0.67551	3.3454	-0.1331
488	61.178	739.26	8.983	10287	1.0157	3.3454	-0.1331
489	59.407	739.26	8.7229	10085	1.3545	3.3454	-0.1331
490	57.644	739.26	8.464	9885.4	1.6917	3.3454	-0.1331
491	55.885	739.26	8.2058	9690.2	2.0268	3.3454	-0.1331
492	54.116	739.26	7.946	9508.2	2.3589	3.3454	-0.1331
493	52.341	739.26	7.6854	9337.4	2.6876	3.3454	-0.1331
494	50.566	739.26	7.4248	9176.6	3.0128	3.3454	-0.1331
495	48.799	739.26	7.1653	9022.1	3.3345	3.3454	-0.1331
496	49.275	738.59	7.2286	8872.5	3.3319	3.3454	-0.1331
497	49.828	737.91	7.3031	8727.6	3.3164	3.3454	-0.1331
498	50.379	737.25	7.3771	8585.7	3.3004	3.3454	-0.1331
499	50.927	736.61	7.4509	8445.9	3.284	3.3454	-0.1331
500	51.471	735.99	7.5241	8309.2	3.2671	3.3454	-0.1331
501	52.015	735.38	7.5974	8173.5	3.25	3.3454	-0.1331
502	52.558	734.8	7.6707	8039.3	3.2326	3.3454	-0.1331
503	53.1	734.23	7.7438	7906.5	3.2149	3.3454	-0.1331
504	53.642	733.68	7.817	7774.6	3.197	3.3454	-0.1331
505	54.185	733.14	7.8903	7643.3	3.179	3.3454	-0.1331
506	54.728	732.61	7.9636	7513.2	3.1607	3.3454	-0.1331
507	55.274	732.09	8.0373	7382.7	3.1424	3.3454	-0.1331
508	55.819	731.59	8.1109	7253.5	3.1238	3.3454	-0.1331
509	56.365	731.09	8.1847	7124.8	3.1051	3.3454	-0.1331
510	56.913	730.6	8.2588	6995.9	3.0863	3.3454	-0.1331
511	57.461	730.13	8.3329	6868.2	3.0673	3.3454	-0.1331
512	58.012	729.66	8.4074	6740.3	3.0483	3.3454	-0.1331
513	58.562	729.2	8.4817	6613.5	3.029	3.3454	-0.1331
514	59.114	728.75	8.5565	6486.5	3.0097	3.3454	-0.1331
515	59.668	728.31	8.6314	6359.9	2.9902	3.3454	-0.1331
516	60.224	727.88	8.7066	6233.2	2.9707	3.3454	-0.1331
517	60.78	727.45	8.7818	6107.4	2.951	3.3454	-0.1331
518	61.338	727.03	8.8574	5981.5	2.9312	3.3454	-0.1331
519	61.897	726.63	8.9332	5855.8	2.9114	3.3454	-0.1331
520	62.457	726.23	9.009	5730.9	2.8914	3.3454	-0.1331
521	63.02	725.83	9.0853	5605.2	2.8714	3.3454	-0.1331
522	63.583	725.45	9.1616	5480.5	2.8512	3.3454	-0.1331
523	64.146	725.07	9.2379	5356.5	2.8309	3.3454	-0.1331
524	64.713	724.7	9.3147	5231.8	2.8106	3.3454	-0.1331
525	65.279	724.33	9.3915	5108.1	2.7902	3.3454	-0.1331
526	65.846	723.98	9.4685	4984.4	2.7697	3.3454	-0.1331
527	66.414	723.63	9.5455	4861.7	2.749	3.3454	-0.1331
528	66.98	723.29	9.6224	4739.9	2.7281	3.3454	-0.1331
529	67.551	722.95	9.6999	4617.2	2.7073	3.3454	-0.1331
530	68.126	722.62	9.778	4493.5	2.6866	3.3454	-0.1331
531	68.732	722.28	9.8603	4358.8	2.6669	3.3454	-0.1331
532	69.37	721.93	9.947	4213.2	2.6483	3.3454	-0.1331
533	70.036	721.57	10.038	4058.6	2.6304	3.3454	-0.1331
534	70.724	721.21	10.131	3897.1	2.6131	3.3454	-0.1331
535	71.376	720.88	10.22	3750	2.5942	3.3454	-0.1331
536	71.958	720.58	10.299	3629.2	2.5726	3.3454	-0.1331
537	72.494	720.32	10.372	3525.1	2.5494	3.3454	-0.1331
538	73.001	720.08	10.441	3431.2	2.5254	3.3454	-0.1331
539	73.489	719.84	10.507	3344.3	2.5007	3.3454	-0.1331
540	73.966	719.62	10.572	3261.7	2.4756	3.3454	-0.1331
541	74.431	719.41	10.635	3183	2.4502	3.3454	-0.1331
542	74.891	719.2	10.698	3106.1	2.4248	3.3454	-0.1331
543	75.348	718.99	10.76	3030.7	2.3992	3.3454	-0.1331
544	75.776	718.81	10.818	2965.1	2.3728	3.3454	-0.1331
545	76.171	718.63	10.872	2910.7	2.3455	3.3454	-0.1331
546	76.546	718.47	10.923	2862.5	2.3178	3.3454	-0.1331
547	76.906	718.32	10.973	2819.5	2.2898	3.3454	-0.1331
548	77.259	718.18	11.021	2778.5	2.2617	3.3454	-0.1331
549	77.606	718.03	11.068	2739.5	2.2336	3.3454	-0.1331
550	77.95	717.89	11.115	2700.8	2.2056	3.3454	-0.1331
551	78.288	717.76	11.161	2664	2.1776	3.3454	-0.1331
552	78.627	717.62	11.207	2626.5	2.1498	3.3454	-0.1331
553	78.958	717.49	11.252	2591.4	2.1219	3.3454	-0.1331
554	79.282	717.37	11.296	2558	2.0941	3.3454	-0.1331
555	79.593	717.25	11.339	2529	2.066	3.3454	-0.1331
556	79.893	717.14	11.38	2502.9	2.0379	3.3454	-0.1331
557	80.183	717.03	11.419	2479.9	2.0097	3.3454	-0.1331
558	80.461	716.92	11.457	2460	1.9815	3.3454	-0.1331
559	80.734	716.82	11.495	2441.5	1.9534	3.3454	-0.1331
560	80.999	716.73	11.531	2425.4	1.9252	3.3454	-0.1331
561	81.259	716.64	11.566	2409.9	1.8973	3.3454	-0.1331
562	81.518	716.54	11.602	2394.7	1.8695	3.3454	-0.1331
563	81.774	716.45	11.637	2379.8	1.8418	3.3454	-0.1331
564	82.026	716.37	11.671	2366	1.8143	3.3454	-0.1331
565	82.279	716.28	11.706	2351.2	1.787	3.3454	-0.1331
566	82.531	716.19	11.74	2336.3	1.7599	3.3454	-0.1331
567	82.781	716.11	11.774	2321.5	1.7331	3.3454	-0.1331
568	83.027	716.03	11.808	2307.6	1.7063	3.3454	-0.1331
569	83.275	715.95	11.842	2292.8	1.6798	3.3454	-0.1331
570	83.521	715.87	11.875	2278	1.6535	3.3454	-0.1331
571	83.762	715.79	11.909	2264.1	1.6273	3.3454	-0.1331
572	84.005	715.71	11.942	2249.3	1.6014	3.3454	-0.1331
573	84.247	715.64	11.975	2234.5	1.5757	3.3454	-0.1331
574	84.487	715.56	12.008	2219.9	1.5502	3.3454	-0.1331
575	84.723	715.49	12.04	2205.8	1.5248	3.3454	-0.1331
576	84.961	715.41	12.073	2191	1.4997	3.3454	-0.1331
577	85.197	715.34	12.105	2176.1	1.4747	3.3454	-0.1331
578	85.428	715.27	12.137	2162.3	1.4499	3.3454	-0.1331
579	85.662	715.2	12.169	2147.4	1.4254	3.3454	-0.1331
580	85.893	715.14	12.2	2132.6	1.401	3.3454	-0.1331
581	86.12	715.07	12.231	2118.8	1.3768	3.3454	-0.1331
582	86.349	715	12.263	2103.9	1.3528	3.3454	-0.1331
583	86.576	714.94	12.294	2089.1	1.3291	3.3454	-0.1331
584	86.799	714.87	12.325	2075.3	1.3055	3.3454	-0.1331
585	87.024	714.81	12.355	2060.4	1.2821	3.3454	-0.1331
586	87.246	714.75	12.386	2045.6	1.2589	3.3454	-0.1331
587	87.465	714.69	12.416	2031.8	1.2359	3.3454	-0.1331
588	87.685	714.63	12.446	2016.9	1.2131	3.3454	-0.1331
589	87.902	714.57	12.476	2002.6	1.1906	3.3454	-0.1331
590	88.117	714.51	12.505	1988.3	1.1682	3.3454	-0.1331
591	88.333	714.46	12.535	1973.4	1.146	3.3454	-0.1331
592	88.544	714.4	12.564	1959.4	1.124	3.3454	-0.1331
593	88.756	714.35	12.593	1944.7	1.1022	3.3454	-0.1331
594	88.967	714.29	12.622	1929.9	1.0806	3.3454	-0.1331
595	89.174	714.24	12.65	1916.1	1.0592	3.3454	-0.1331
596	89.382	714.19	12.679	1901.2	1.0381	3.3454	-0.1331
597	89.588	714.14	12.707	1886.6	1.0171	3.3454	-0.1331
598	89.791	714.09	12.735	1872.6	0.99632	3.3454	-0.1331
599	89.994	714.04	12.763	1857.7	0.97577	3.3454	-0.1331
600	90.193	713.99	12.791	1843.9	0.95538	3.3454	-0.1331
601	90.394	713.94	12.818	1829.1	0.93523	3.3454	-0.1331
602	90.593	713.89	12.846	1814.2	0.91528	3.3454	-0.1331
603	90.788	713.85	12.872	1800.4	0.89551	3.3454	-0.1331
604	90.984	713.8	12.899	1785.6	0.87598	3.3454	-0.1331
605	91.176	713.76	12.926	1771.7	0.85661	3.3454	-0.1331
606	91.369	713.71	12.952	1756.9	0.83749	3.3454	-0.1331
607	91.561	713.67	12.979	1742.1	0.81857	3.3454	-0.1331
608	91.748	713.63	13.004	1728.2	0.79983	3.3454	-0.1331
609	91.936	713.59	13.03	1713.4	0.78132	3.3454	-0.1331
610	92.12	713.55	13.056	1699.5	0.76299	3.3454	-0.1331
611	92.306	713.51	13.081	1684.7	0.7449	3.3454	-0.1331
612	92.487	713.47	13.106	1670.9	0.72699	3.3454	-0.1331
613	92.669	713.43	13.131	1656	0.70932	3.3454	-0.1331
614	92.85	713.39	13.156	1641.2	0.69185	3.3454	-0.1331
615	93.026	713.36	13.181	1627.4	0.67456	3.3454	-0.1331
616	93.204	713.33	13.205	1612.5	0.65751	3.3454	-0.1331
617	93.376	713.29	13.229	1598.7	0.64065	3.3454	-0.1331
618	93.551	713.26	13.253	1583.9	0.62401	3.3454	-0.1331
619	93.721	713.23	13.277	1570	0.60757	3.3454	-0.1331
620	93.892	713.2	13.3	1555.2	0.59136	3.3454	-0.1331
621	94.058	713.18	13.323	1541.3	0.57534	3.3454	-0.1331
622	94.227	713.15	13.347	1526.5	0.55955	3.3454	-0.1331
623	94.39	713.12	13.369	1512.7	0.54395	3.3454	-0.1331
624	94.556	713.09	13.392	1497.8	0.52859	3.3454	-0.1331
625	94.718	713.06	13.415	1483.5	0.51342	3.3454	-0.1331
626	94.879	713.03	13.437	1469.2	0.49847	3.3454	-0.1331
627	95.041	713	13.459	1454.3	0.48374	3.3454	-0.1331
628	95.197	712.97	13.481	1440.5	0.46921	3.3454	-0.1331
629	95.355	712.94	13.503	1425.7	0.45491	3.3454	-0.1331
630	95.509	712.91	13.524	1411.8	0.4408	3.3454	-0.1331
631	95.664	712.88	13.545	1397	0.42693	3.3454	-0.1331
632	95.815	712.85	13.566	1383.1	0.41326	3.3454	-0.1331
633	95.967	712.82	13.587	1368.3	0.39981	3.3454	-0.1331
634	96.114	712.79	13.607	1354.5	0.38657	3.3454	-0.1331
635	96.264	712.76	13.628	1339.6	0.37356	3.3454	-0.1331
636	96.408	712.73	13.648	1325.8	0.36075	3.3454	-0.1331
637	96.554	712.71	13.668	1311	0.34817	3.3454	-0.1331
638	96.695	712.68	13.687	1297.1	0.33579	3.3454	-0.1331
639	96.838	712.65	13.707	1282.3	0.32365	3.3454	-0.1331
640	96.976	712.63	13.726	1268.4	0.3117	3.3454	-0.1331
641	97.116	712.6	13.746	1253.6	0.29999	3.3454	-0.1331
642	97.25	712.58	13.764	1239.8	0.28849	3.3454	-0.1331
643	97.384	712.55	13.782	1225.9	0.27721	3.3454	-0.1331
644	97.519	712.53	13.801	1211.1	0.26615	3.3454	-0.1331
645	97.649	712.5	13.819	1197.3	0.25531	3.3454	-0.1331
646	97.781	712.48	13.837	1182.4	0.24469	3.3454	-0.1331
647	97.907	712.46	13.855	1168.6	0.23428	3.3454	-0.1331
648	98.036	712.44	13.873	1153.8	0.22411	3.3454	-0.1331
649	98.16	712.41	13.89	1139.9	0.21415	3.3454	-0.1331
650	98.286	712.39	13.907	1125.1	0.20441	3.3454	-0.1331
651	98.406	712.37	13.924	1111.2	0.19489	3.3454	-0.1331
652	98.529	712.35	13.941	1096.4	0.1856	3.3454	-0.1331
653	98.646	712.33	13.957	1082.6	0.17653	3.3454	-0.1331
654	98.761	712.31	13.973	1068.7	0.16768	3.3454	-0.1331
655	98.879	712.29	13.989	1053.9	0.15905	3.3454	-0.1331
656	98.991	712.27	14.005	1040.1	0.15065	3.3454	-0.1331
657	99.106	712.25	14.02	1025.2	0.14247	3.3454	-0.1331
658	99.215	712.24	14.035	1011.4	0.13452	3.3454	-0.1331
659	99.326	712.22	14.051	996.56	0.12679	3.3454	-0.1331
660	99.432	712.2	14.065	982.73	0.11928	3.3454	-0.1331
661	99.536	712.18	14.08	968.89	0.112	3.3454	-0.1331
662	99.643	712.17	14.095	954.06	0.10495	3.3454	-0.1331
663	99.744	712.15	14.109	940.23	0.098117	3.3454	-0.1331
664	99.847	712.14	14.123	925.38	0.091518	3.3454	-0.1331
665	99.945	712.12	14.136	911.55	0.08514	3.3454	-0.1331
666	100.04	712.11	14.15	897.72	0.07899	3.3454	-0.1331
667	100.14	712.09	14.163	882.87	0.073072	3.3454	-0.1331
668	100.23	712.08	14.176	869.04	0.067376	3.3454	-0.1331
669	100.33	712.06	14.189	854.2	0.061913	3.3454	-0.1331
670	100.42	712.05	14.202	840.37	0.056675	3.3454	-0.1331
671	100.5	712.04	14.214	826.54	0.051666	3.3454	-0.1331
672	100.59	712.03	14.226	811.69	0.046889	3.3454	-0.1331
673	100.68	712.01	14.238	797.86	0.042339	3.3454	-0.1331
674	100.76	712	14.25	783.55	0.03802	3.3454	-0.1331
675	100.85	711.99	14.261	769.18	0.033931	3.3454	-0.1331
676	100.93	711.98	14.272	755.36	0.030072	3.3454	-0.1331
677	101.01	711.97	14.284	740.51	0.026446	3.3454	-0.1331
678	101.08	711.96	14.294	726.68	0.023049	3.3454	-0.1331
679	101.16	711.95	14.305	712.85	0.019885	3.3454	-0.1331
680	101.24	711.94	14.315	698	0.016954	3.3454	-0.1331
681	101.31	711.93	14.325	684.17	0.014253	3.3454	-0.1331
682	101.38	711.92	14.335	670.34	0.011786	3.3454	-0.1331
683	101.45	711.91	14.345	655.5	0.0095533	3.3454	-0.1331
684	101.51	711.9	14.354	641.67	0.0075525	3.3454	-0.1331
685	101.58	711.89	14.363	627.82	0.0057863	3.3454	-0.1331
686	101.65	711.89	14.372	612.99	0.0042551	3.3454	-0.1331
687	101.71	711.88	14.381	599.14	0.0029572	3.3454	-0.1331
688	101.77	711.87	14.389	584.97	0.0018951	3.3454	-0.1331
689	101.83	711.86	14.398	570.8	0.0010683	3.3454	-0.1331
690	101.89	711.86	14.406	556.63	0.00047713	3.3454	-0.1331
691	101.94	711.85	14.413	542.46	0.0001221	3.3454	-0.1331
692	102	711.84	14.421	528.3	3.5186e-006	3.3454	-0.1331
693	102.05	711.84	14.428	514.13	3.5195e-006	3.3454	-0.1331
694	102.1	711.83	14.436	500	3.4995e-006	3.3454	-0.1331
