;LAP Aft Skirt Orifice Flow Temperatures (R)
#I=0,692,1; vent_c1d2_lin.vsm  @ Fri Jan 16 15:52:17 1998
0	550.33	550.33	530.8	530.8	550.31	550.33	550.33	550.33	550.33	550.33	550.33
1	515	515	515	515	515	515	515	515	515	515	515
2	515	515	515	515	515	515	515	515	515	515	515
3	515	515	515	515	515	515	515	515	515	515	515
4	515	515	515	515	515	515	515	515	515	515	515
5	515	515	515	515	515	515	515	515	515	515	515
6	515	515	515	515	515	515	515	515	515	515	515
7	515	515	515	515	515	515	515	515	515	515	515
8	515	515	515	515	515	515	515	515	515	515	515
9	515	515	515	515	515	515	515	515	515	515	515
10	515	515	515	515	515	515	515	515	515	515	515
11	515.01	515.01	515.01	515.01	546.21	515.01	515.01	515.01	515.01	515.01	515.01
12	515.06	515.06	515.06	515.06	545.41	515.06	515.06	515.06	515.06	515.06	515.06
13	515.13	515.13	515.13	515.13	544.61	515.13	515.13	515.13	515.13	515.13	515.13
14	515.22	515.22	515.22	515.22	543.81	515.22	515.22	515.22	515.22	515.22	515.22
15	515.33	515.33	515.33	515.33	543.01	515.33	515.33	515.33	515.33	515.33	515.33
16	515.46	515.46	515.46	515.46	542.21	515.46	515.46	515.46	515.46	515.46	515.46
17	515.6	515.6	515.6	515.6	541.4	515.6	515.6	515.6	515.6	515.6	515.6
18	515.75	515.75	515.75	515.75	540.6	515.75	515.75	515.75	515.75	515.75	515.75
19	515.92	515.92	515.92	515.92	539.79	515.92	515.92	515.92	515.92	515.92	515.92
20	516.11	516.11	516.11	516.11	538.99	516.11	516.11	516.11	516.11	516.11	516.11
21	516.11	516.11	516.11	516.11	516.11	516.11	516.11	516.11	516.11	516.11	516.11
22	516.11	516.11	516.11	516.11	516.11	516.11	516.11	516.11	516.11	516.11	516.11
23	516.11	516.11	516.11	516.11	516.11	516.11	516.11	516.11	516.11	516.11	516.11
24	516.11	516.11	516.11	516.11	535.89	516.11	516.11	516.11	516.11	516.11	516.11
25	516.23	516.23	516.23	516.23	535.11	516.23	516.23	516.23	516.23	516.23	516.23
26	516.47	516.47	516.47	516.47	534.38	516.47	516.47	516.47	516.47	516.47	516.47
27	516.81	516.81	516.81	516.81	533.64	516.81	516.81	516.81	516.81	516.81	516.81
28	517.24	517.24	517.24	517.24	532.91	517.24	517.24	517.24	517.24	517.24	517.24
29	517.74	517.74	517.74	517.74	532.17	517.74	517.74	517.74	517.74	517.74	517.74
30	518.32	518.32	518.32	518.32	531.44	518.32	518.32	518.32	518.32	518.32	518.32
31	518.96	518.96	518.96	518.96	530.75	518.96	518.96	518.96	518.96	518.96	518.96
32	519.66	519.66	519.66	519.66	530.06	519.66	519.66	519.66	519.66	519.66	519.66
33	520.42	520.42	520.42	520.42	529.38	520.42	520.42	520.42	520.42	520.42	520.42
34	521.23	521.23	521.23	521.23	528.69	521.23	521.23	521.23	521.23	521.23	521.23
35	522.09	522.09	522.09	522.09	528	522.09	522.09	522.09	522.09	522.09	522.09
36	523	523	523	523	527.36	523	523	523	523	523	523
37	523.96	523.96	523.96	523.96	526.72	523.96	523.96	523.96	523.96	523.96	523.96
38	524.96	524.96	524.96	524.96	526.07	524.96	524.96	524.96	524.96	524.96	524.96
39	526.01	526.01	526.01	526.01	525.43	526.01	526.01	526.01	526.01	526.01	526.01
40	527.09	527.09	527.09	527.09	524.79	527.09	527.09	527.09	527.09	527.09	527.09
41	528.22	528.22	528.22	528.22	524.23	528.22	528.22	528.22	528.22	528.22	528.22
42	529.39	529.39	529.39	529.39	523.66	529.39	529.39	529.39	529.39	529.39	529.39
43	530.6	530.6	530.6	530.6	523.1	530.6	530.6	530.6	530.6	530.6	530.6
44	531.85	531.85	531.85	531.85	522.53	531.85	531.85	531.85	531.85	531.85	531.85
45	533.13	533.13	533.13	533.13	521.97	533.13	533.13	533.13	533.13	533.13	533.13
46	534.46	534.46	534.46	534.46	521.52	534.46	534.46	534.46	534.46	534.46	534.46
47	535.81	535.81	535.81	535.81	521.06	535.81	535.81	535.81	535.81	535.81	535.81
48	537.2	537.2	537.2	537.2	520.61	537.2	537.2	537.2	537.2	537.2	537.2
49	538.63	538.63	538.63	538.63	520.15	538.63	538.63	538.63	538.63	538.63	538.63
50	540.09	540.09	540.09	540.09	519.7	540.09	540.09	540.09	540.09	540.09	540.09
51	541.58	541.58	541.58	541.58	519.41	541.58	541.58	541.58	541.58	541.58	541.58
52	543.11	543.11	543.11	543.11	519.12	543.11	543.11	543.11	543.11	543.11	543.11
53	544.67	544.67	544.67	544.67	518.84	544.67	544.67	544.67	544.67	544.67	544.67
54	546.35	546.35	546.35	546.35	518.55	546.35	546.35	546.35	546.35	546.35	546.35
55	548.24	548.24	548.24	548.24	518.26	548.24	548.24	548.24	548.24	548.24	548.24
56	550.33	550.33	550.33	550.33	518.18	550.33	550.33	550.33	550.33	550.33	550.33
57	552.52	552.52	552.52	552.52	518.11	552.52	552.52	552.52	552.52	552.52	552.52
58	554.7	554.7	554.7	554.7	518.03	554.7	554.7	554.7	554.7	554.7	554.7
59	556.86	556.86	556.86	556.86	517.96	556.86	556.86	556.86	556.86	556.86	556.86
60	558.99	558.99	558.99	558.99	517.88	558.99	558.99	558.99	558.99	558.99	558.99
61	561.09	561.09	561.09	561.09	518.07	561.09	561.09	561.09	561.09	561.09	561.09
62	563.16	563.16	563.16	563.16	518.25	563.16	563.16	563.16	563.16	563.16	563.16
63	565.21	565.21	565.21	565.21	518.44	565.21	565.21	565.21	565.21	565.21	565.21
64	567.22	567.22	567.22	567.22	518.62	567.22	567.22	567.22	567.22	567.22	567.22
65	569.2	569.2	569.2	569.2	518.81	569.2	569.2	569.2	569.2	569.2	569.2
66	571.15	571.15	571.15	571.15	519.31	571.15	571.15	571.15	571.15	571.15	571.15
67	573.06	573.06	573.06	573.06	519.81	573.06	573.06	573.06	573.06	573.06	573.06
68	574.92	574.92	574.92	574.92	520.3	574.92	574.92	574.92	574.92	574.92	574.92
69	576.75	576.75	576.75	576.75	520.8	576.75	576.75	576.75	576.75	576.75	576.75
70	578.51	578.51	578.51	578.51	521.3	578.51	578.51	578.51	578.51	578.51	578.51
71	580.22	580.22	580.22	580.22	522.15	580.22	580.22	580.22	580.22	580.22	580.22
72	581.86	581.86	581.86	581.86	522.99	581.86	581.86	581.86	581.86	581.86	581.86
73	583.41	583.41	583.41	583.41	523.84	583.41	583.41	583.41	583.41	583.41	583.41
74	584.87	584.87	584.87	584.87	524.68	584.87	584.87	584.87	584.87	584.87	584.87
75	586.19	586.19	586.19	586.19	525.53	586.19	586.19	586.19	586.19	586.19	586.19
76	587.94	587.94	587.94	587.94	526.75	587.94	587.94	587.94	587.94	587.94	587.94
77	590.11	590.11	590.11	590.11	527.98	590.11	590.11	590.11	590.11	590.11	590.11
78	592.4	592.4	592.4	592.4	529.2	592.4	592.4	592.4	592.4	592.4	592.4
79	594.73	594.73	594.73	594.73	530.43	594.73	594.73	594.73	594.73	594.73	594.73
80	597.07	597.07	597.07	597.07	531.65	597.07	597.07	597.07	597.07	597.07	597.07
81	599.4	599.4	599.4	599.4	533.36	599.4	599.4	599.4	599.4	599.4	599.4
82	601.73	601.73	601.73	601.73	535.07	601.73	601.73	601.73	601.73	601.73	601.73
83	604.06	604.06	604.06	604.06	536.79	604.06	604.06	604.06	604.06	604.06	604.06
84	606.37	606.37	606.37	606.37	538.5	606.37	606.37	606.37	606.37	606.37	606.37
85	608.66	608.66	608.66	608.66	540.21	608.66	608.66	608.66	608.66	608.66	608.66
86	610.92	610.92	610.92	610.92	542.55	610.92	610.92	610.92	610.92	610.92	610.92
87	613.16	613.16	613.16	613.16	544.89	613.16	613.16	613.16	613.16	613.16	613.16
88	615.67	615.67	615.67	615.67	547.23	615.67	615.67	615.67	615.67	615.67	615.67
89	618.47	618.47	618.47	618.47	549.57	618.47	618.47	618.47	618.47	618.47	618.47
90	621.34	621.34	621.34	621.34	551.91	621.34	621.34	621.34	621.34	621.34	621.34
91	624.19	624.19	624.19	624.19	554.79	624.19	624.19	624.19	624.19	624.19	624.19
92	626.99	626.99	626.99	626.99	557.67	626.99	626.99	626.99	626.99	626.99	626.99
93	629.7	629.7	629.7	629.7	560.54	629.7	629.7	629.7	629.7	629.7	629.7
94	632.3	632.3	632.3	632.3	563.42	632.3	632.3	632.3	632.3	632.3	632.3
95	634.73	634.73	634.73	634.73	566.3	634.73	634.73	634.73	634.73	634.73	634.73
96	636.96	636.96	636.96	636.96	569.49	636.96	636.96	636.96	636.96	636.96	636.96
97	638.89	638.89	638.89	638.89	572.67	638.89	638.89	638.89	638.89	638.89	638.89
98	640.38	640.38	640.38	640.38	575.86	640.38	640.38	640.38	640.38	640.38	640.38
99	641.01	641.01	641.01	641.01	641.01	641.01	641.01	641.01	641.01	641.01	641.01
100	641.01	641.01	641.01	641.01	641.01	641.01	641.01	641.01	641.01	641.01	641.01
101	641.24	641.24	641.24	641.24	588.34	641.24	641.24	641.24	641.24	641.24	641.24
102	642.84	642.84	642.84	642.84	594.45	642.84	642.84	642.84	642.84	642.84	642.84
103	644.83	644.83	644.83	644.83	600.55	644.83	644.83	644.83	644.83	644.83	644.83
104	646.94	646.94	646.94	646.94	606.66	646.94	646.94	646.94	646.94	646.94	646.94
105	649.14	649.14	649.14	649.14	612.77	649.14	649.14	649.14	649.14	649.14	649.14
106	651.39	651.39	651.39	651.39	619.35	651.39	651.39	651.39	651.39	651.39	651.39
107	653.68	653.68	653.68	653.68	625.93	653.68	653.68	653.68	653.68	653.68	653.68
108	655.98	655.98	655.98	655.98	632.5	655.98	655.98	655.98	655.98	655.98	655.98
109	658.53	658.53	658.53	658.53	639.08	658.53	658.53	658.53	658.53	658.53	658.53
110	661.77	661.77	661.77	661.77	645.66	661.77	661.77	661.77	661.77	661.77	661.77
111	665.18	665.18	665.18	665.18	651.59	665.18	665.18	665.18	665.18	665.18	665.18
112	668.54	668.54	668.54	668.54	657.53	668.54	668.54	668.54	668.54	668.54	668.54
113	671.74	671.74	671.74	671.74	663.46	671.74	671.74	671.74	671.74	671.74	671.74
114	674.67	674.67	674.67	674.67	669.4	674.67	674.67	674.67	674.67	674.67	674.67
115	677.18	677.18	677.18	677.18	675.33	677.18	677.18	677.18	677.18	677.18	677.18
116	679.07	679.07	679.07	679.07	680.52	679.07	679.07	679.07	679.07	679.07	679.07
117	679.71	679.71	679.71	679.71	679.71	679.71	679.71	679.71	679.71	679.71	679.71
118	680.64	680.64	680.64	680.64	690.89	680.64	680.64	680.64	680.64	680.64	680.64
119	683.34	683.34	683.34	683.34	696.07	683.34	683.34	683.34	683.34	683.34	683.34
120	686.14	686.14	686.14	686.14	701.26	686.14	686.14	686.14	686.14	686.14	686.14
121	688.6	688.6	688.6	688.6	705.42	688.6	688.6	688.6	688.6	688.6	688.6
122	690.39	690.39	690.39	690.39	709.58	690.39	690.39	690.39	690.39	690.39	690.39
123	690.89	690.89	690.89	690.89	690.89	690.89	690.89	690.89	690.89	690.89	690.89
124	690.87	690.87	690.87	690.87	690.87	690.87	690.87	690.87	690.87	690.87	690.87
125	690.85	690.85	690.85	690.85	690.85	690.85	690.85	690.85	690.85	690.85	690.85
126	690.83	690.83	690.83	690.83	690.83	690.83	690.83	690.83	690.83	690.83	690.83
127	690.79	690.79	690.79	690.79	690.79	690.79	690.79	690.79	690.79	690.79	690.79
128	690.76	690.76	690.76	690.76	690.76	690.76	690.76	690.76	690.76	690.76	690.76
129	690.73	690.73	690.73	690.73	690.73	690.73	690.73	690.73	690.73	690.73	690.73
130	690.7	690.7	690.7	690.7	690.7	690.7	690.7	690.7	690.7	690.7	690.7
131	690.86	690.86	690.86	690.86	730.48	690.86	690.86	690.86	690.86	690.86	690.86
132	701.38	701.38	701.38	701.38	729.58	701.38	701.38	701.38	701.38	701.38	701.38
133	713.19	713.19	713.19	713.19	728.67	713.19	713.19	713.19	713.19	713.19	713.19
134	725.41	725.41	725.41	725.41	727.77	725.41	725.41	725.41	725.41	725.41	725.41
135	738.85	738.85	738.85	738.85	726.86	738.85	738.85	738.85	738.85	738.85	738.85
136	752.83	752.83	752.83	752.83	728.47	752.83	752.83	752.83	752.83	752.83	752.83
137	768	768	768	768	740.13	768	768	768	768	768	768
138	784.5	784.5	784.5	784.5	751.79	784.5	784.5	784.5	784.5	784.5	784.5
139	801.83	801.83	801.83	801.83	763.45	801.83	801.83	801.83	801.83	801.83	801.83
140	819.54	819.54	819.54	819.54	775.1	819.54	819.54	819.54	819.54	819.54	819.54
141	837.14	837.14	837.14	837.14	787.19	837.14	837.14	837.14	837.14	837.14	837.14
142	851.03	851.03	851.03	851.03	800.97	851.03	851.03	851.03	851.03	851.03	851.03
143	861.34	861.34	861.34	861.34	814.76	861.34	861.34	861.34	861.34	861.34	861.34
144	871.91	871.91	871.91	871.91	828.55	871.91	871.91	871.91	871.91	871.91	871.91
145	883.03	883.03	883.03	883.03	842.33	883.03	883.03	883.03	883.03	883.03	883.03
146	894.58	894.58	894.58	894.58	854.76	894.58	894.58	894.58	894.58	894.58	894.58
147	905.94	905.94	905.94	905.94	861.78	905.94	905.94	905.94	905.94	905.94	905.94
148	916.81	916.81	916.81	916.81	868.79	916.81	916.81	916.81	916.81	916.81	916.81
149	927.21	927.21	927.21	927.21	875.8	927.21	927.21	927.21	927.21	927.21	927.21
150	937.14	937.14	937.14	937.14	882.82	937.14	937.14	937.14	937.14	937.14	937.14
151	946.56	946.56	946.56	946.56	888.89	946.56	946.56	946.56	946.56	946.56	946.56
152	955.13	955.13	955.13	955.13	891.21	955.13	955.13	955.13	955.13	955.13	955.13
153	962.99	962.99	962.99	962.99	893.53	962.99	962.99	962.99	962.99	962.99	962.99
154	971.36	971.36	971.36	971.36	895.84	971.36	971.36	971.36	971.36	971.36	971.36
155	978.34	978.34	978.34	978.34	898.16	978.34	978.34	978.34	978.34	978.34	978.34
156	985.69	985.69	985.69	985.69	899.9	985.69	985.69	985.69	985.69	985.69	985.69
157	993.06	993.06	993.06	993.06	899.32	993.06	993.06	993.06	993.06	993.06	993.06
158	1000.1	1000.1	1000.1	1000.1	898.75	1000.1	1000.1	1000.1	1000.1	1000.1	1000.1
159	1006.4	1006.4	1006.4	1006.4	898.17	1006.4	1006.4	1006.4	1006.4	1006.4	1006.4
160	897.3	897.3	1012.2	1012.2	897.6	897.3	897.3	897.3	897.3	897.3	897.3
161	896.44	896.44	1020.4	1020.4	896.74	896.44	896.44	896.44	896.44	896.44	896.44
162	894.44	894.44	1027.5	1027.5	894.74	894.44	894.44	894.44	894.44	894.44	894.44
163	892.44	892.44	1033.2	1033.2	892.74	892.44	892.44	892.44	892.44	892.44	892.44
164	890.43	890.43	1037.7	1037.7	890.75	890.43	890.43	890.43	890.43	890.43	890.43
165	888.43	888.43	1041.2	1041.2	888.75	888.43	888.43	888.43	888.43	888.43	888.43
166	885.6	885.6	1043.9	1043.9	885.92	885.6	885.6	885.6	885.6	885.6	885.6
167	879.46	879.46	1045.6	1045.6	879.78	879.46	879.46	879.46	879.46	879.46	879.46
168	873.32	873.32	1046.1	1046.1	873.65	873.32	873.32	873.32	873.32	873.32	873.32
169	867.18	867.18	1045.7	1045.7	867.51	867.18	867.18	867.18	867.18	867.18	867.18
170	861.04	861.04	1044.5	1044.5	861.37	861.04	861.04	861.04	861.04	861.04	861.04
171	855.05	855.05	1042.7	1042.7	855.38	855.05	855.05	855.05	855.05	855.05	855.05
172	849.68	849.68	1040.4	1040.4	850.01	849.68	849.68	849.68	849.68	849.68	849.68
173	844.3	844.3	1037.9	1037.9	844.63	844.3	844.3	844.3	844.3	844.3	844.3
174	838.93	838.93	1035.5	1035.5	839.26	838.93	838.93	838.93	838.93	838.93	838.93
175	833.55	833.55	1033.2	1033.2	833.88	833.55	833.55	833.55	833.55	833.55	833.55
176	828.31	828.31	1030.9	1030.9	828.64	828.31	828.31	828.31	828.31	828.31	828.31
177	823.59	823.59	1028.6	1028.6	823.91	823.59	823.59	823.59	823.59	823.59	823.59
178	818.87	818.87	1026.4	1026.4	819.19	818.87	818.87	818.87	818.87	818.87	818.87
179	814.15	814.15	1024.2	1024.2	814.47	814.15	814.15	814.15	814.15	814.15	814.15
180	809.43	809.43	1022	1022	809.75	809.43	809.43	809.43	809.43	809.43	809.43
181	804.82	804.82	1019.8	1019.8	805.14	804.82	804.82	804.82	804.82	804.82	804.82
182	800.66	800.66	1017.6	1017.6	800.98	800.66	800.66	800.66	800.66	800.66	800.66
183	796.5	796.5	1015.4	1015.4	796.82	796.5	796.5	796.5	796.5	796.5	796.5
184	792.34	792.34	1013.1	1013.1	792.66	792.34	792.34	792.34	792.34	792.34	792.34
185	788.19	788.19	1010.9	1010.9	788.5	788.19	788.19	788.19	788.19	788.19	788.19
186	784.12	784.12	1008.6	1008.6	784.43	784.12	784.12	784.12	784.12	784.12	784.12
187	780.43	780.43	1006.3	1006.3	780.74	780.43	780.43	780.43	780.43	780.43	780.43
188	776.74	776.74	1004	1004	777.05	776.74	776.74	776.74	776.74	776.74	776.74
189	773.05	773.05	1001.7	1001.7	773.36	773.05	773.05	773.05	773.05	773.05	773.05
190	769.36	769.36	999.44	999.44	769.66	769.36	769.36	769.36	769.36	769.36	769.36
191	765.75	765.75	997.11	997.11	766.05	765.75	765.75	765.75	765.75	765.75	765.75
192	762.45	762.45	994.78	994.78	762.75	762.45	762.45	762.45	762.45	762.45	762.45
193	759.15	759.15	992.46	992.46	759.45	759.15	759.15	759.15	759.15	759.15	759.15
194	755.86	755.86	990.14	990.14	756.15	755.86	755.86	755.86	755.86	755.86	755.86
195	752.56	752.56	987.81	987.81	752.85	752.56	752.56	752.56	752.56	752.56	752.56
196	749.33	749.33	985.46	985.46	749.62	749.33	749.33	749.33	749.33	749.33	749.33
197	746.36	746.36	983.12	983.12	746.65	746.36	746.36	746.36	746.36	746.36	746.36
198	743.39	743.39	980.79	980.79	743.68	743.39	743.39	743.39	743.39	743.39	743.39
199	740.42	740.42	978.46	978.46	740.71	740.42	740.42	740.42	740.42	740.42	740.42
200	737.45	737.45	976.13	976.13	737.74	737.45	737.45	737.45	737.45	737.45	737.45
201	734.54	734.54	973.8	973.8	734.82	734.54	734.54	734.54	734.54	734.54	734.54
202	731.85	731.85	971.48	971.48	732.13	731.85	731.85	731.85	731.85	731.85	731.85
203	729.17	729.17	969.17	969.17	729.44	729.17	729.17	729.17	729.17	729.17	729.17
204	726.48	726.48	966.87	966.87	726.75	726.48	726.48	726.48	726.48	726.48	726.48
205	723.79	723.79	964.58	964.58	724.06	723.79	723.79	723.79	723.79	723.79	723.79
206	721.15	721.15	962.29	962.29	721.42	721.15	721.15	721.15	721.15	721.15	721.15
207	718.7	718.7	960.01	960.01	718.97	718.7	718.7	718.7	718.7	718.7	718.7
208	716.25	716.25	957.75	957.75	716.52	716.25	716.25	716.25	716.25	716.25	716.25
209	713.81	713.81	955.5	955.5	714.06	713.81	713.81	713.81	713.81	713.81	713.81
210	711.36	711.36	953.27	953.27	711.61	711.36	711.36	711.36	711.36	711.36	711.36
211	708.95	708.95	951.03	951.03	709.2	708.95	708.95	708.95	708.95	708.95	708.95
212	706.71	706.71	948.82	948.82	706.95	706.71	706.71	706.71	706.71	706.71	706.71
213	704.46	704.46	946.62	946.62	704.71	704.46	704.46	704.46	704.46	704.46	704.46
214	702.22	702.22	944.44	944.44	702.46	702.22	702.22	702.22	702.22	702.22	702.22
215	699.98	699.98	942.27	942.27	700.22	699.98	699.98	699.98	699.98	699.98	699.98
216	697.77	697.77	940.11	940.11	698.01	697.77	697.77	697.77	697.77	697.77	697.77
217	695.7	695.7	937.97	937.97	695.94	695.7	695.7	695.7	695.7	695.7	695.7
218	693.63	693.63	935.85	935.85	693.87	693.63	693.63	693.63	693.63	693.63	693.63
219	691.57	691.57	933.75	933.75	691.8	691.57	691.57	691.57	691.57	691.57	691.57
220	689.5	689.5	931.65	931.65	689.73	689.5	689.5	689.5	689.5	689.5	689.5
221	687.47	687.47	929.57	929.57	687.7	687.47	687.47	687.47	687.47	687.47	687.47
222	685.55	685.55	927.51	927.51	685.78	685.55	685.55	685.55	685.55	685.55	685.55
223	683.64	683.64	925.47	925.47	683.86	683.64	683.64	683.64	683.64	683.64	683.64
224	681.73	681.73	923.44	923.44	681.95	681.73	681.73	681.73	681.73	681.73	681.73
225	679.81	679.81	921.43	921.43	680.03	679.81	679.81	679.81	679.81	679.81	679.81
226	677.92	677.92	919.43	919.43	678.14	677.92	677.92	677.92	677.92	677.92	677.92
227	676.15	676.15	917.45	917.45	676.36	676.15	676.15	676.15	676.15	676.15	676.15
228	674.37	674.37	915.49	915.49	674.58	674.37	674.37	674.37	674.37	674.37	674.37
229	672.59	672.59	913.55	913.55	672.8	672.59	672.59	672.59	672.59	672.59	672.59
230	670.81	670.81	911.62	911.62	671.02	670.81	670.81	670.81	670.81	670.81	670.81
231	669.06	669.06	909.7	909.7	669.27	669.06	669.06	669.06	669.06	669.06	669.06
232	667.4	667.4	907.8	907.8	667.61	667.4	667.4	667.4	667.4	667.4	667.4
233	665.74	665.74	905.92	905.92	665.94	665.74	665.74	665.74	665.74	665.74	665.74
234	664.08	664.08	904.06	904.06	664.28	664.08	664.08	664.08	664.08	664.08	664.08
235	662.42	662.42	902.21	902.21	662.62	662.42	662.42	662.42	662.42	662.42	662.42
236	660.78	660.78	900.37	900.37	660.98	660.78	660.78	660.78	660.78	660.78	660.78
237	659.22	659.22	898.55	898.55	659.42	659.22	659.22	659.22	659.22	659.22	659.22
238	657.67	657.67	896.74	896.74	657.86	657.67	657.67	657.67	657.67	657.67	657.67
239	656.11	656.11	894.96	894.96	656.3	656.11	656.11	656.11	656.11	656.11	656.11
240	654.55	654.55	893.18	893.18	654.75	654.55	654.55	654.55	654.55	654.55	654.55
241	653.02	653.02	891.42	891.42	653.21	653.02	653.02	653.02	653.02	653.02	653.02
242	651.56	651.56	889.68	889.68	651.75	651.56	651.56	651.56	651.56	651.56	651.56
243	650.09	650.09	887.95	887.95	650.28	650.09	650.09	650.09	650.09	650.09	650.09
244	648.63	648.63	886.24	886.24	648.82	648.63	648.63	648.63	648.63	648.63	648.63
245	647.17	647.17	884.54	884.54	647.36	647.17	647.17	647.17	647.17	647.17	647.17
246	645.73	645.73	882.85	882.85	645.92	645.73	645.73	645.73	645.73	645.73	645.73
247	644.36	644.36	881.18	881.18	644.55	644.36	644.36	644.36	644.36	644.36	644.36
248	642.99	642.99	879.53	879.53	643.18	642.99	642.99	642.99	642.99	642.99	642.99
249	641.62	641.62	877.89	877.89	641.81	641.62	641.62	641.62	641.62	641.62	641.62
250	640.25	640.25	876.26	876.26	640.44	640.25	640.25	640.25	640.25	640.25	640.25
251	638.9	638.9	874.65	874.65	639.08	638.9	638.9	638.9	638.9	638.9	638.9
252	637.62	637.62	873.05	873.05	637.79	637.62	637.62	637.62	637.62	637.62	637.62
253	636.33	636.33	871.47	871.47	636.51	636.33	636.33	636.33	636.33	636.33	636.33
254	635.04	635.04	869.91	869.91	635.22	635.04	635.04	635.04	635.04	635.04	635.04
255	633.76	633.76	868.36	868.36	633.93	633.76	633.76	633.76	633.76	633.76	633.76
256	632.49	632.49	866.81	866.81	632.66	632.49	632.49	632.49	632.49	632.49	632.49
257	631.28	631.28	865.29	865.29	631.45	631.28	631.28	631.28	631.28	631.28	631.28
258	630.07	630.07	863.78	863.78	630.23	630.07	630.07	630.07	630.07	630.07	630.07
259	628.86	628.86	862.28	862.28	629.02	628.86	628.86	628.86	628.86	628.86	628.86
260	627.65	627.65	860.8	860.8	627.81	627.65	627.65	627.65	627.65	627.65	627.65
261	626.45	626.45	859.33	859.33	626.61	626.45	626.45	626.45	626.45	626.45	626.45
262	625.31	625.31	857.87	857.87	625.47	625.31	625.31	625.31	625.31	625.31	625.31
263	624.17	624.17	856.43	856.43	624.32	624.17	624.17	624.17	624.17	624.17	624.17
264	623.03	623.03	855	855	623.18	623.03	623.03	623.03	623.03	623.03	623.03
265	621.88	621.88	853.58	853.58	622.04	621.88	621.88	621.88	621.88	621.88	621.88
266	620.75	620.75	852.18	852.18	620.9	620.75	620.75	620.75	620.75	620.75	620.75
267	619.67	619.67	850.79	850.79	619.82	619.67	619.67	619.67	619.67	619.67	619.67
268	618.59	618.59	849.41	849.41	618.74	618.59	618.59	618.59	618.59	618.59	618.59
269	617.51	617.51	848.04	848.04	617.66	617.51	617.51	617.51	617.51	617.51	617.51
270	616.43	616.43	846.69	846.69	616.58	616.43	616.43	616.43	616.43	616.43	616.43
271	615.36	615.36	845.35	845.35	615.51	615.36	615.36	615.36	615.36	615.36	615.36
272	614.33	614.33	844.02	844.02	614.48	614.33	614.33	614.33	614.33	614.33	614.33
273	613.31	613.31	842.7	842.7	613.46	613.31	613.31	613.31	613.31	613.31	613.31
274	612.29	612.29	841.4	841.4	612.43	612.29	612.29	612.29	612.29	612.29	612.29
275	611.27	611.27	840.1	840.1	611.41	611.27	611.27	611.27	611.27	611.27	611.27
276	610.26	610.26	838.82	838.82	610.4	610.26	610.26	610.26	610.26	610.26	610.26
277	609.28	609.28	837.55	837.55	609.42	609.28	609.28	609.28	609.28	609.28	609.28
278	608.31	608.31	836.29	836.29	608.45	608.31	608.31	608.31	608.31	608.31	608.31
279	607.34	607.34	835.04	835.04	607.48	607.34	607.34	607.34	607.34	607.34	607.34
280	606.37	606.37	833.81	833.81	606.51	606.37	606.37	606.37	606.37	606.37	606.37
281	605.41	605.41	832.58	832.58	605.55	605.41	605.41	605.41	605.41	605.41	605.41
282	604.48	604.48	831.36	831.36	604.62	604.48	604.48	604.48	604.48	604.48	604.48
283	603.56	603.56	830.16	830.16	603.7	603.56	603.56	603.56	603.56	603.56	603.56
284	602.64	602.64	828.96	828.96	602.77	602.64	602.64	602.64	602.64	602.64	602.64
285	601.72	601.72	827.78	827.78	601.85	601.72	601.72	601.72	601.72	601.72	601.72
286	600.8	600.8	826.61	826.61	600.93	600.8	600.8	600.8	600.8	600.8	600.8
287	599.92	599.92	825.44	825.44	600.05	599.92	599.92	599.92	599.92	599.92	599.92
288	599.04	599.04	824.29	824.29	599.17	599.04	599.04	599.04	599.04	599.04	599.04
289	598.16	598.16	823.15	823.15	598.29	598.16	598.16	598.16	598.16	598.16	598.16
290	597.28	597.28	822.01	822.01	597.41	597.28	597.28	597.28	597.28	597.28	597.28
291	596.41	596.41	820.89	820.89	596.54	596.41	596.41	596.41	596.41	596.41	596.41
292	595.58	595.58	819.77	819.77	595.71	595.58	595.58	595.58	595.58	595.58	595.58
293	594.74	594.74	818.67	818.67	594.87	594.74	594.74	594.74	594.74	594.74	594.74
294	593.9	593.9	817.57	817.57	594.03	593.9	593.9	593.9	593.9	593.9	593.9
295	593.07	593.07	816.49	816.49	593.2	593.07	593.07	593.07	593.07	593.07	593.07
296	592.24	592.24	815.41	815.41	592.37	592.24	592.24	592.24	592.24	592.24	592.24
297	591.44	591.44	814.34	814.34	591.57	591.44	591.44	591.44	591.44	591.44	591.44
298	590.64	590.64	813.28	813.28	590.77	590.64	590.64	590.64	590.64	590.64	590.64
299	589.85	589.85	812.23	812.23	589.97	589.85	589.85	589.85	589.85	589.85	589.85
300	589.05	589.05	811.19	811.19	589.17	589.05	589.05	589.05	589.05	589.05	589.05
301	588.26	588.26	810.15	810.15	588.38	588.26	588.26	588.26	588.26	588.26	588.26
302	587.5	587.5	809.13	809.13	587.62	587.5	587.5	587.5	587.5	587.5	587.5
303	586.74	586.74	808.11	808.11	586.85	586.74	586.74	586.74	586.74	586.74	586.74
304	585.98	585.98	807.11	807.11	586.09	585.98	585.98	585.98	585.98	585.98	585.98
305	585.22	585.22	806.11	806.11	585.33	585.22	585.22	585.22	585.22	585.22	585.22
306	584.46	584.46	805.12	805.12	584.57	584.46	584.46	584.46	584.46	584.46	584.46
307	583.74	583.74	804.13	804.13	583.85	583.74	583.74	583.74	583.74	583.74	583.74
308	583.01	583.01	803.16	803.16	583.12	583.01	583.01	583.01	583.01	583.01	583.01
309	582.28	582.28	802.19	802.19	582.39	582.28	582.28	582.28	582.28	582.28	582.28
310	581.55	581.55	801.24	801.24	581.66	581.55	581.55	581.55	581.55	581.55	581.55
311	580.83	580.83	800.28	800.28	580.94	580.83	580.83	580.83	580.83	580.83	580.83
312	580.14	580.14	799.34	799.34	580.25	580.14	580.14	580.14	580.14	580.14	580.14
313	579.44	579.44	798.41	798.41	579.55	579.44	579.44	579.44	579.44	579.44	579.44
314	578.75	578.75	797.48	797.48	578.86	578.75	578.75	578.75	578.75	578.75	578.75
315	578.06	578.06	796.56	796.56	578.17	578.06	578.06	578.06	578.06	578.06	578.06
316	577.37	577.37	795.65	795.65	577.48	577.37	577.37	577.37	577.37	577.37	577.37
317	576.7	576.7	794.74	794.74	576.81	576.7	576.7	576.7	576.7	576.7	576.7
318	576.04	576.04	793.84	793.84	576.15	576.04	576.04	576.04	576.04	576.04	576.04
319	575.38	575.38	792.95	792.95	575.49	575.38	575.38	575.38	575.38	575.38	575.38
320	574.71	574.71	792.07	792.07	574.82	574.71	574.71	574.71	574.71	574.71	574.71
321	574.08	574.08	791.19	791.19	574.19	574.08	574.08	574.08	574.08	574.08	574.08
322	573.57	573.57	790.33	790.33	573.67	573.57	573.57	573.57	573.57	573.57	573.57
323	573.05	573.05	789.49	789.49	573.16	573.05	573.05	573.05	573.05	573.05	573.05
324	572.54	572.54	788.67	788.67	572.65	572.54	572.54	572.54	572.54	572.54	572.54
325	572.03	572.03	787.86	787.86	572.13	572.03	572.03	572.03	572.03	572.03	572.03
326	571.54	571.54	787.06	787.06	571.64	571.54	571.54	571.54	571.54	571.54	571.54
327	571.12	571.12	786.29	786.29	571.22	571.12	571.12	571.12	571.12	571.12	571.12
328	570.7	570.7	785.53	785.53	570.8	570.7	570.7	570.7	570.7	570.7	570.7
329	570.28	570.28	784.8	784.8	570.38	570.28	570.28	570.28	570.28	570.28	570.28
330	569.86	569.86	784.08	784.08	569.96	569.86	569.86	569.86	569.86	569.86	569.86
331	569.45	569.45	783.38	783.38	569.55	569.45	569.45	569.45	569.45	569.45	569.45
332	569.04	569.04	782.7	782.7	569.14	569.04	569.04	569.04	569.04	569.04	569.04
333	568.64	568.64	782.03	782.03	568.74	568.64	568.64	568.64	568.64	568.64	568.64
334	568.23	568.23	781.38	781.38	568.33	568.23	568.23	568.23	568.23	568.23	568.23
335	567.82	567.82	780.74	780.74	567.92	567.82	567.82	567.82	567.82	567.82	567.82
336	567.45	567.45	780.11	780.11	567.54	567.45	567.45	567.45	567.45	567.45	567.45
337	567.17	567.17	779.5	779.5	567.27	567.17	567.17	567.17	567.17	567.17	567.17
338	566.9	566.9	778.91	778.91	566.99	566.9	566.9	566.9	566.9	566.9	566.9
339	566.62	566.62	778.34	778.34	566.72	566.62	566.62	566.62	566.62	566.62	566.62
340	566.35	566.35	777.79	777.79	566.44	566.35	566.35	566.35	566.35	566.35	566.35
341	566.14	566.14	777.26	777.26	566.23	566.14	566.14	566.14	566.14	566.14	566.14
342	566.2	566.2	776.77	776.77	566.29	566.2	566.2	566.2	566.2	566.2	566.2
343	566.26	566.26	776.32	776.32	566.35	566.26	566.26	566.26	566.26	566.26	566.26
344	566.32	566.32	775.91	775.91	566.41	566.32	566.32	566.32	566.32	566.32	566.32
345	566.37	566.37	775.54	775.54	566.47	566.37	566.37	566.37	566.37	566.37	566.37
346	566.83	566.83	775.2	775.2	566.93	566.83	566.83	566.83	566.83	566.83	566.83
347	568.86	568.86	775.03	775.03	568.96	568.86	568.86	568.86	568.86	568.86	568.86
348	570.89	570.89	775.05	775.05	570.99	570.89	570.89	570.89	570.89	570.89	570.89
349	572.93	572.93	775.26	775.26	573.02	572.93	572.93	572.93	572.93	572.93	572.93
350	574.96	574.96	775.65	775.65	575.05	574.96	574.96	574.96	574.96	574.96	574.96
351	577.39	577.39	776.19	776.19	577.48	577.39	577.39	577.39	577.39	577.39	577.39
352	581.37	581.37	777.01	777.01	581.46	581.37	581.37	581.37	581.37	581.37	581.37
353	585.35	585.35	778.12	778.12	585.44	585.35	585.35	585.35	585.35	585.35	585.35
354	589.34	589.34	779.52	779.52	589.42	589.34	589.34	589.34	589.34	589.34	589.34
355	593.32	593.32	781.17	781.17	593.4	593.32	593.32	593.32	593.32	593.32	593.32
356	597.53	597.53	783.07	783.07	597.61	597.53	597.53	597.53	597.53	597.53	597.53
357	602.6	602.6	785.71	785.71	602.68	602.6	602.6	602.6	602.6	602.6	602.6
358	607.68	607.68	788.58	788.58	607.76	607.68	607.68	607.68	607.68	607.68	607.68
359	612.75	612.75	791.78	791.78	612.83	612.75	612.75	612.75	612.75	612.75	612.75
360	617.83	617.83	795.45	795.45	617.91	617.83	617.83	617.83	617.83	617.83	617.83
361	622.89	622.89	799.59	799.59	622.97	622.89	622.89	622.89	622.89	622.89	622.89
362	627.9	627.9	804.13	804.13	627.97	627.9	627.9	627.9	627.9	627.9	627.9
363	632.9	632.9	808.95	808.95	632.98	632.9	632.9	632.9	632.9	632.9	632.9
364	637.91	637.91	814.03	814.03	637.98	637.91	637.91	637.91	637.91	637.91	637.91
365	642.92	642.92	819.36	819.36	642.99	642.92	642.92	642.92	642.92	642.92	642.92
366	647.39	647.39	824.91	824.91	647.46	647.39	647.39	647.39	647.39	647.39	647.39
367	649.76	649.76	830.37	830.37	649.83	649.76	649.76	649.76	649.76	649.76	649.76
368	652.12	652.12	835.65	835.65	652.19	652.12	652.12	652.12	652.12	652.12	652.12
369	654.48	654.48	840.8	840.8	654.55	654.48	654.48	654.48	654.48	654.48	654.48
370	656.85	656.85	845.83	845.83	656.92	656.85	656.85	656.85	656.85	656.85	656.85
371	658.54	658.54	850.66	850.66	658.61	658.54	658.54	658.54	658.54	658.54	658.54
372	657.56	657.56	854.6	854.6	657.63	657.56	657.56	657.56	657.56	657.56	657.56
373	856.47	856.47	578.93	578.93	656.65	856.47	856.47	856.47	856.47	856.47	856.47
374	855.81	855.81	579.02	579.02	655.67	855.81	855.81	855.81	855.81	855.81	855.81
375	654.62	654.62	579.11	579.11	654.69	654.62	654.62	654.62	654.62	654.62	654.62
376	653.25	653.25	579.21	579.21	850.95	653.25	653.25	653.25	653.25	653.25	653.25
377	650.32	650.32	579.32	579.32	848.09	650.32	650.32	650.32	650.32	650.32	650.32
378	647.4	647.4	579.42	579.42	845.3	647.4	647.4	647.4	647.4	647.4	647.4
379	644.48	644.48	579.53	579.53	842.57	644.48	644.48	644.48	644.48	644.48	644.48
380	641.56	641.56	579.64	579.64	839.91	641.56	641.56	641.56	641.56	641.56	641.56
381	638.49	638.49	579.74	579.74	837.31	638.49	638.49	638.49	638.49	638.49	638.49
382	634.81	634.81	579.84	579.84	834.77	634.81	634.81	634.81	634.81	634.81	634.81
383	631.14	631.14	579.93	579.93	832.29	631.14	631.14	631.14	631.14	631.14	631.14
384	829.48	829.48	580.03	580.03	829.48	829.48	829.48	829.48	829.48	829.48	829.48
385	826.93	826.93	580.12	580.12	826.93	826.93	826.93	826.93	826.93	826.93	826.93
386	824.63	824.63	580.21	580.21	824.63	824.63	824.63	824.63	824.63	824.63	824.63
387	822.53	822.53	580.29	580.29	822.53	822.53	822.53	822.53	822.53	822.53	822.53
388	820.62	820.62	580.36	580.36	820.62	820.62	820.62	820.62	820.62	820.62	820.62
389	818.87	818.87	580.43	580.43	818.87	818.87	818.87	818.87	818.87	818.87	818.87
390	817.27	817.27	580.5	580.5	817.27	817.27	817.27	817.27	817.27	817.27	817.27
391	815.8	815.8	580.57	580.57	815.8	815.8	815.8	815.8	815.8	815.8	815.8
392	814.46	814.46	580.6	580.6	814.46	814.46	814.46	814.46	814.46	814.46	814.46
393	813.23	813.23	580.63	580.63	813.23	813.23	813.23	813.23	813.23	813.23	813.23
394	812.11	812.11	580.66	580.66	812.11	812.11	812.11	812.11	812.11	812.11	812.11
395	811.07	811.07	580.69	580.69	811.07	811.07	811.07	811.07	811.07	811.07	811.07
396	810.13	810.13	580.72	580.72	810.13	810.13	810.13	810.13	810.13	810.13	810.13
397	809.26	809.26	580.71	580.71	809.26	809.26	809.26	809.26	809.26	809.26	809.26
398	808.47	808.47	580.69	580.69	808.47	808.47	808.47	808.47	808.47	808.47	808.47
399	807.73	807.73	580.68	580.68	807.73	807.73	807.73	807.73	807.73	807.73	807.73
400	807.06	807.06	580.67	580.67	807.06	807.06	807.06	807.06	807.06	807.06	807.06
401	806.44	806.44	580.65	580.65	806.44	806.44	806.44	806.44	806.44	806.44	806.44
402	805.88	805.88	580.59	580.59	805.88	805.88	805.88	805.88	805.88	805.88	805.88
403	805.35	805.35	580.53	580.53	805.35	805.35	805.35	805.35	805.35	805.35	805.35
404	804.87	804.87	580.47	580.47	804.87	804.87	804.87	804.87	804.87	804.87	804.87
405	804.42	804.42	580.42	580.42	804.42	804.42	804.42	804.42	804.42	804.42	804.42
406	804	804	580.35	580.35	804	804	804	804	804	804	804
407	803.62	803.62	580.25	580.25	803.62	803.62	803.62	803.62	803.62	803.62	803.62
408	803.26	803.26	580.16	580.16	803.26	803.26	803.26	803.26	803.26	803.26	803.26
409	802.93	802.93	580.06	580.06	802.93	802.93	802.93	802.93	802.93	802.93	802.93
410	802.62	802.62	579.97	579.97	802.62	802.62	802.62	802.62	802.62	802.62	802.62
411	802.33	802.33	579.86	579.86	802.33	802.33	802.33	802.33	802.33	802.33	802.33
412	802.06	802.06	579.73	579.73	802.06	802.06	802.06	802.06	802.06	802.06	802.06
413	801.8	801.8	579.59	579.59	801.8	801.8	801.8	801.8	801.8	801.8	801.8
414	801.56	801.56	579.45	579.45	801.56	801.56	801.56	801.56	801.56	801.56	801.56
415	801.33	801.33	579.32	579.32	801.33	801.33	801.33	801.33	801.33	801.33	801.33
416	801.12	801.12	579.18	579.18	801.12	801.12	801.12	801.12	801.12	801.12	801.12
417	800.91	800.91	579.01	579.01	800.91	800.91	800.91	800.91	800.91	800.91	800.91
418	800.71	800.71	578.84	578.84	800.71	800.71	800.71	800.71	800.71	800.71	800.71
419	800.52	800.52	578.68	578.68	800.52	800.52	800.52	800.52	800.52	800.52	800.52
420	800.33	800.33	578.51	578.51	800.33	800.33	800.33	800.33	800.33	800.33	800.33
421	800.15	800.15	578.34	578.34	800.15	800.15	800.15	800.15	800.15	800.15	800.15
422	799.98	799.98	578.15	578.15	799.98	799.98	799.98	799.98	799.98	799.98	799.98
423	799.81	799.81	577.95	577.95	799.81	799.81	799.81	799.81	799.81	799.81	799.81
424	799.64	799.64	577.76	577.76	799.64	799.64	799.64	799.64	799.64	799.64	799.64
425	799.47	799.47	577.57	577.57	799.47	799.47	799.47	799.47	799.47	799.47	799.47
426	799.31	799.31	577.37	577.37	799.31	799.31	799.31	799.31	799.31	799.31	799.31
427	799.15	799.15	577.15	577.15	799.15	799.15	799.15	799.15	799.15	799.15	799.15
428	798.99	798.99	576.94	576.94	798.99	798.99	798.99	798.99	798.99	798.99	798.99
429	798.83	798.83	576.73	576.73	798.83	798.83	798.83	798.83	798.83	798.83	798.83
430	798.67	798.67	576.51	576.51	798.67	798.67	798.67	798.67	798.67	798.67	798.67
431	798.51	798.51	576.29	576.29	798.51	798.51	798.51	798.51	798.51	798.51	798.51
432	798.35	798.35	576.06	576.06	798.35	798.35	798.35	798.35	798.35	798.35	798.35
433	798.19	798.19	575.83	575.83	798.19	798.19	798.19	798.19	798.19	798.19	798.19
434	798.03	798.03	575.59	575.59	798.03	798.03	798.03	798.03	798.03	798.03	798.03
435	797.86	797.86	575.36	575.36	797.86	797.86	797.86	797.86	797.86	797.86	797.86
436	797.7	797.7	575.12	575.12	797.7	797.7	797.7	797.7	797.7	797.7	797.7
437	797.53	797.53	574.88	574.88	797.53	797.53	797.53	797.53	797.53	797.53	797.53
438	797.37	797.37	574.63	574.63	797.37	797.37	797.37	797.37	797.37	797.37	797.37
439	797.2	797.2	574.39	574.39	797.2	797.2	797.2	797.2	797.2	797.2	797.2
440	797.03	797.03	574.15	574.15	797.03	797.03	797.03	797.03	797.03	797.03	797.03
441	796.85	796.85	573.9	573.9	796.85	796.85	796.85	796.85	796.85	796.85	796.85
442	796.68	796.68	573.64	573.64	796.68	796.68	796.68	796.68	796.68	796.68	796.68
443	796.5	796.5	573.39	573.39	796.5	796.5	796.5	796.5	796.5	796.5	796.5
444	796.32	796.32	573.13	573.13	796.32	796.32	796.32	796.32	796.32	796.32	796.32
445	796.14	796.14	572.87	572.87	796.14	796.14	796.14	796.14	796.14	796.14	796.14
446	795.95	795.95	572.62	572.62	795.95	795.95	795.95	795.95	795.95	795.95	795.95
447	795.76	795.76	572.36	572.36	795.76	795.76	795.76	795.76	795.76	795.76	795.76
448	795.57	795.57	572.1	572.1	795.57	795.57	795.57	795.57	795.57	795.57	795.57
449	795.38	795.38	571.84	571.84	795.38	795.38	795.38	795.38	795.38	795.38	795.38
450	795.19	795.19	571.58	571.58	795.19	795.19	795.19	795.19	795.19	795.19	795.19
451	794.99	794.99	571.32	571.32	794.99	794.99	794.99	794.99	794.99	794.99	794.99
452	794.8	794.8	571.05	571.05	794.8	794.8	794.8	794.8	794.8	794.8	794.8
453	794.6	794.6	570.79	570.79	794.6	794.6	794.6	794.6	794.6	794.6	794.6
454	794.39	794.39	570.53	570.53	794.39	794.39	794.39	794.39	794.39	794.39	794.39
455	794.19	794.19	570.26	570.26	794.19	794.19	794.19	794.19	794.19	794.19	794.19
456	793.98	793.98	570	570	793.98	793.98	793.98	793.98	793.98	793.98	793.98
457	793.77	793.77	569.73	569.73	793.77	793.77	793.77	793.77	793.77	793.77	793.77
458	793.56	793.56	569.46	569.46	793.56	793.56	793.56	793.56	793.56	793.56	793.56
459	793.35	793.35	569.2	569.2	793.35	793.35	793.35	793.35	793.35	793.35	793.35
460	793.14	793.14	568.93	568.93	793.14	793.14	793.14	793.14	793.14	793.14	793.14
461	792.92	792.92	568.67	568.67	792.92	792.92	792.92	792.92	792.92	792.92	792.92
462	792.7	792.7	568.4	568.4	792.7	792.7	792.7	792.7	792.7	792.7	792.7
463	792.48	792.48	568.14	568.14	792.48	792.48	792.48	792.48	792.48	792.48	792.48
464	792.26	792.26	567.88	567.88	792.26	792.26	792.26	792.26	792.26	792.26	792.26
465	792.04	792.04	567.61	567.61	792.04	792.04	792.04	792.04	792.04	792.04	792.04
466	791.81	791.81	567.35	567.35	791.81	791.81	791.81	791.81	791.81	791.81	791.81
467	791.59	791.59	567.09	567.09	791.59	791.59	791.59	791.59	791.59	791.59	791.59
468	791.36	791.36	566.83	566.83	791.36	791.36	791.36	791.36	791.36	791.36	791.36
469	791.13	791.13	566.57	566.57	791.13	791.13	791.13	791.13	791.13	791.13	791.13
470	790.91	790.91	566.31	566.31	790.91	790.91	790.91	790.91	790.91	790.91	790.91
471	790.68	790.68	566.05	566.05	790.68	790.68	790.68	790.68	790.68	790.68	790.68
472	790.44	790.44	565.79	565.79	790.44	790.44	790.44	790.44	790.44	790.44	790.44
473	790.21	790.21	565.54	565.54	790.21	790.21	790.21	790.21	790.21	790.21	790.21
474	789.98	789.98	565.28	565.28	789.98	789.98	789.98	789.98	789.98	789.98	789.98
475	789.75	789.75	565.02	565.02	789.75	789.75	789.75	789.75	789.75	789.75	789.75
476	789.51	789.51	564.77	564.77	789.51	789.51	789.51	789.51	789.51	789.51	789.51
477	789.28	789.28	564.52	564.52	789.28	789.28	789.28	789.28	789.28	789.28	789.28
478	789.04	789.04	564.27	564.27	789.04	789.04	789.04	789.04	789.04	789.04	789.04
479	788.81	788.81	564.02	564.02	788.81	788.81	788.81	788.81	788.81	788.81	788.81
480	788.57	788.57	563.77	563.77	788.57	788.57	788.57	788.57	788.57	788.57	788.57
481	788.33	788.33	563.52	563.52	788.33	788.33	788.33	788.33	788.33	788.33	788.33
482	788.1	788.1	563.28	563.28	788.1	788.1	788.1	788.1	788.1	788.1	788.1
483	787.86	787.86	563.03	563.03	787.86	787.86	787.86	787.86	787.86	787.86	787.86
484	787.62	787.62	562.79	562.79	787.62	787.62	787.62	787.62	787.62	787.62	787.62
485	787.38	787.38	562.55	562.55	787.38	787.38	787.38	787.38	787.38	787.38	787.38
486	787.15	787.15	562.3	562.3	787.15	787.15	787.15	787.15	787.15	787.15	787.15
487	786.91	786.91	562.06	562.06	786.91	786.91	786.91	786.91	786.91	786.91	786.91
488	786.67	786.67	561.83	561.83	786.67	786.67	786.67	786.67	786.67	786.67	786.67
489	786.43	786.43	561.59	561.59	786.43	786.43	786.43	786.43	786.43	786.43	786.43
490	786.2	786.2	561.35	561.35	786.2	786.2	786.2	786.2	786.2	786.2	786.2
491	785.96	785.96	561.11	561.11	785.96	785.96	785.96	785.96	785.96	785.96	785.96
492	785.72	785.72	560.89	560.89	785.72	785.72	785.72	785.72	785.72	785.72	785.72
493	785.48	785.48	560.66	560.66	785.48	785.48	785.48	785.48	785.48	785.48	785.48
494	785.25	785.25	560.43	560.43	785.25	785.25	785.25	785.25	785.25	785.25	785.25
495	785.01	785.01	560.2	560.2	785.01	785.01	785.01	785.01	785.01	785.01	785.01
496	784.78	784.78	559.98	559.98	784.78	784.78	784.78	784.78	784.78	784.78	784.78
497	784.54	784.54	559.75	559.75	784.54	784.54	784.54	784.54	784.54	784.54	784.54
498	784.31	784.31	559.53	559.53	784.31	784.31	784.31	784.31	784.31	784.31	784.31
499	784.07	784.07	559.3	559.3	784.07	784.07	784.07	784.07	784.07	784.07	784.07
500	783.84	783.84	559.08	559.08	783.84	783.84	783.84	783.84	783.84	783.84	783.84
501	783.61	783.61	558.86	558.86	783.61	783.61	783.61	783.61	783.61	783.61	783.61
502	783.37	783.37	558.64	558.64	783.37	783.37	783.37	783.37	783.37	783.37	783.37
503	783.14	783.14	558.43	558.43	783.14	783.14	783.14	783.14	783.14	783.14	783.14
504	782.91	782.91	558.22	558.22	782.91	782.91	782.91	782.91	782.91	782.91	782.91
505	782.68	782.68	558	558	782.68	782.68	782.68	782.68	782.68	782.68	782.68
506	782.45	782.45	557.79	557.79	782.45	782.45	782.45	782.45	782.45	782.45	782.45
507	782.22	782.22	557.58	557.58	782.22	782.22	782.22	782.22	782.22	782.22	782.22
508	781.99	781.99	557.38	557.38	781.99	781.99	781.99	781.99	781.99	781.99	781.99
509	781.77	781.77	557.17	557.17	781.77	781.77	781.77	781.77	781.77	781.77	781.77
510	781.54	781.54	556.96	556.96	781.54	781.54	781.54	781.54	781.54	781.54	781.54
511	781.31	781.31	556.76	556.76	781.31	781.31	781.31	781.31	781.31	781.31	781.31
512	781.09	781.09	556.56	556.56	781.09	781.09	781.09	781.09	781.09	781.09	781.09
513	780.87	780.87	556.36	556.36	780.87	780.87	780.87	780.87	780.87	780.87	780.87
514	780.64	780.64	556.16	556.16	780.64	780.64	780.64	780.64	780.64	780.64	780.64
515	780.42	780.42	555.96	555.96	780.42	780.42	780.42	780.42	780.42	780.42	780.42
516	780.2	780.2	555.76	555.76	780.2	780.2	780.2	780.2	780.2	780.2	780.2
517	779.98	779.98	555.57	555.57	779.98	779.98	779.98	779.98	779.98	779.98	779.98
518	779.76	779.76	555.38	555.38	779.76	779.76	779.76	779.76	779.76	779.76	779.76
519	779.54	779.54	555.19	555.19	779.54	779.54	779.54	779.54	779.54	779.54	779.54
520	779.33	779.33	555	555	779.33	779.33	779.33	779.33	779.33	779.33	779.33
521	779.11	779.11	554.81	554.81	779.11	779.11	779.11	779.11	779.11	779.11	779.11
522	778.9	778.9	554.63	554.63	778.9	778.9	778.9	778.9	778.9	778.9	778.9
523	778.68	778.68	554.45	554.45	778.68	778.68	778.68	778.68	778.68	778.68	778.68
524	778.47	778.47	554.26	554.26	778.47	778.47	778.47	778.47	778.47	778.47	778.47
525	778.26	778.26	554.08	554.08	778.26	778.26	778.26	778.26	778.26	778.26	778.26
526	778.05	778.05	553.89	553.89	778.05	778.05	778.05	778.05	778.05	778.05	778.05
527	777.84	777.84	553.72	553.72	777.84	777.84	777.84	777.84	777.84	777.84	777.84
528	777.63	777.63	553.54	553.54	777.63	777.63	777.63	777.63	777.63	777.63	777.63
529	777.43	777.43	553.37	553.37	777.43	777.43	777.43	777.43	777.43	777.43	777.43
530	777.22	777.22	553.19	553.19	777.22	777.22	777.22	777.22	777.22	777.22	777.22
531	777.02	777.02	553.02	553.02	777.02	777.02	777.02	777.02	777.02	777.02	777.02
532	776.82	776.82	552.85	552.85	776.82	776.82	776.82	776.82	776.82	776.82	776.82
533	776.62	776.62	552.68	552.68	776.62	776.62	776.62	776.62	776.62	776.62	776.62
534	776.42	776.42	552.51	552.51	776.42	776.42	776.42	776.42	776.42	776.42	776.42
535	776.22	776.22	552.34	552.34	776.22	776.22	776.22	776.22	776.22	776.22	776.22
536	776.02	776.02	552.18	552.18	776.02	776.02	776.02	776.02	776.02	776.02	776.02
537	775.82	775.82	552.02	552.02	775.82	775.82	775.82	775.82	775.82	775.82	775.82
538	775.63	775.63	551.86	551.86	775.63	775.63	775.63	775.63	775.63	775.63	775.63
539	775.43	775.43	551.7	551.7	775.43	775.43	775.43	775.43	775.43	775.43	775.43
540	775.24	775.24	551.54	551.54	775.24	775.24	775.24	775.24	775.24	775.24	775.24
541	775.05	775.05	551.38	551.38	775.05	775.05	775.05	775.05	775.05	775.05	775.05
542	774.86	774.86	551.23	551.23	774.86	774.86	774.86	774.86	774.86	774.86	774.86
543	774.67	774.67	551.07	551.07	774.67	774.67	774.67	774.67	774.67	774.67	774.67
544	774.48	774.48	550.92	550.92	774.48	774.48	774.48	774.48	774.48	774.48	774.48
545	774.3	774.3	550.76	550.76	774.3	774.3	774.3	774.3	774.3	774.3	774.3
546	774.11	774.11	550.61	550.61	774.11	774.11	774.11	774.11	774.11	774.11	774.11
547	773.93	773.93	550.46	550.46	773.93	773.93	773.93	773.93	773.93	773.93	773.93
548	773.75	773.75	550.31	550.31	773.75	773.75	773.75	773.75	773.75	773.75	773.75
549	773.57	773.57	550.17	550.17	773.57	773.57	773.57	773.57	773.57	773.57	773.57
550	773.39	773.39	550.02	550.02	773.39	773.39	773.39	773.39	773.39	773.39	773.39
551	773.21	773.21	549.87	549.87	773.21	773.21	773.21	773.21	773.21	773.21	773.21
552	773.03	773.03	549.73	549.73	773.03	773.03	773.03	773.03	773.03	773.03	773.03
553	772.86	772.86	549.59	549.59	772.86	772.86	772.86	772.86	772.86	772.86	772.86
554	772.68	772.68	549.45	549.45	772.68	772.68	772.68	772.68	772.68	772.68	772.68
555	772.51	772.51	549.3	549.3	772.51	772.51	772.51	772.51	772.51	772.51	772.51
556	772.34	772.34	549.16	549.16	772.34	772.34	772.34	772.34	772.34	772.34	772.34
557	772.17	772.17	549.03	549.03	772.17	772.17	772.17	772.17	772.17	772.17	772.17
558	772	772	548.89	548.89	772	772	772	772	772	772	772
559	771.83	771.83	548.75	548.75	771.83	771.83	771.83	771.83	771.83	771.83	771.83
560	771.66	771.66	548.62	548.62	771.66	771.66	771.66	771.66	771.66	771.66	771.66
561	771.5	771.5	548.48	548.48	771.5	771.5	771.5	771.5	771.5	771.5	771.5
562	771.33	771.33	548.35	548.35	771.33	771.33	771.33	771.33	771.33	771.33	771.33
563	771.17	771.17	548.22	548.22	771.17	771.17	771.17	771.17	771.17	771.17	771.17
564	771.01	771.01	548.09	548.09	771.01	771.01	771.01	771.01	771.01	771.01	771.01
565	770.85	770.85	547.96	547.96	770.85	770.85	770.85	770.85	770.85	770.85	770.85
566	770.69	770.69	547.84	547.84	770.69	770.69	770.69	770.69	770.69	770.69	770.69
567	770.53	770.53	547.71	547.71	770.53	770.53	770.53	770.53	770.53	770.53	770.53
568	770.37	770.37	547.59	547.59	770.37	770.37	770.37	770.37	770.37	770.37	770.37
569	770.22	770.22	547.47	547.47	770.22	770.22	770.22	770.22	770.22	770.22	770.22
570	770.06	770.06	547.35	547.35	770.06	770.06	770.06	770.06	770.06	770.06	770.06
571	769.91	769.91	547.23	547.23	769.91	769.91	769.91	769.91	769.91	769.91	769.91
572	769.76	769.76	547.11	547.11	769.76	769.76	769.76	769.76	769.76	769.76	769.76
573	769.61	769.61	546.99	546.99	769.61	769.61	769.61	769.61	769.61	769.61	769.61
574	769.46	769.46	546.87	546.87	769.46	769.46	769.46	769.46	769.46	769.46	769.46
575	769.31	769.31	546.75	546.75	769.31	769.31	769.31	769.31	769.31	769.31	769.31
576	769.16	769.16	546.64	546.64	769.16	769.16	769.16	769.16	769.16	769.16	769.16
577	769.02	769.02	546.53	546.53	769.02	769.02	769.02	769.02	769.02	769.02	769.02
578	768.87	768.87	546.41	546.41	768.87	768.87	768.87	768.87	768.87	768.87	768.87
579	768.73	768.73	546.3	546.3	768.73	768.73	768.73	768.73	768.73	768.73	768.73
580	768.59	768.59	546.19	546.19	768.59	768.59	768.59	768.59	768.59	768.59	768.59
581	768.45	768.45	546.08	546.08	768.45	768.45	768.45	768.45	768.45	768.45	768.45
582	768.31	768.31	545.97	545.97	768.31	768.31	768.31	768.31	768.31	768.31	768.31
583	768.17	768.17	545.87	545.87	768.17	768.17	768.17	768.17	768.17	768.17	768.17
584	768.03	768.03	545.76	545.76	768.03	768.03	768.03	768.03	768.03	768.03	768.03
585	767.9	767.9	545.65	545.65	767.9	767.9	767.9	767.9	767.9	767.9	767.9
586	767.76	767.76	545.55	545.55	767.76	767.76	767.76	767.76	767.76	767.76	767.76
587	767.63	767.63	545.45	545.45	767.63	767.63	767.63	767.63	767.63	767.63	767.63
588	767.5	767.5	545.35	545.35	767.5	767.5	767.5	767.5	767.5	767.5	767.5
589	767.37	767.37	545.25	545.25	767.37	767.37	767.37	767.37	767.37	767.37	767.37
590	767.24	767.24	545.15	545.15	767.24	767.24	767.24	767.24	767.24	767.24	767.24
591	767.11	767.11	545.05	545.05	767.11	767.11	767.11	767.11	767.11	767.11	767.11
592	766.98	766.98	544.96	544.96	766.98	766.98	766.98	766.98	766.98	766.98	766.98
593	766.86	766.86	544.87	544.87	766.86	766.86	766.86	766.86	766.86	766.86	766.86
594	766.73	766.73	544.78	544.78	766.73	766.73	766.73	766.73	766.73	766.73	766.73
595	766.61	766.61	544.68	544.68	766.61	766.61	766.61	766.61	766.61	766.61	766.61
596	766.49	766.49	544.59	544.59	766.49	766.49	766.49	766.49	766.49	766.49	766.49
597	766.37	766.37	544.51	544.51	766.37	766.37	766.37	766.37	766.37	766.37	766.37
598	766.25	766.25	544.43	544.43	766.25	766.25	766.25	766.25	766.25	766.25	766.25
599	766.13	766.13	544.34	544.34	766.13	766.13	766.13	766.13	766.13	766.13	766.13
600	766.02	766.02	544.26	544.26	766.02	766.02	766.02	766.02	766.02	766.02	766.02
601	765.9	765.9	544.17	544.17	765.9	765.9	765.9	765.9	765.9	765.9	765.9
602	765.79	765.79	544.1	544.1	765.79	765.79	765.79	765.79	765.79	765.79	765.79
603	765.67	765.67	544.02	544.02	765.67	765.67	765.67	765.67	765.67	765.67	765.67
604	765.56	765.56	543.95	543.95	765.56	765.56	765.56	765.56	765.56	765.56	765.56
605	765.45	765.45	543.87	543.87	765.45	765.45	765.45	765.45	765.45	765.45	765.45
606	765.34	765.34	543.8	543.8	765.34	765.34	765.34	765.34	765.34	765.34	765.34
607	765.24	765.24	543.73	543.73	765.24	765.24	765.24	765.24	765.24	765.24	765.24
608	765.13	765.13	543.66	543.66	765.13	765.13	765.13	765.13	765.13	765.13	765.13
609	765.03	765.03	543.59	543.59	765.03	765.03	765.03	765.03	765.03	765.03	765.03
610	764.92	764.92	543.52	543.52	764.92	764.92	764.92	764.92	764.92	764.92	764.92
611	764.82	764.82	543.45	543.45	764.82	764.82	764.82	764.82	764.82	764.82	764.82
612	764.72	764.72	543.39	543.39	764.72	764.72	764.72	764.72	764.72	764.72	764.72
613	764.62	764.62	543.32	543.32	764.62	764.62	764.62	764.62	764.62	764.62	764.62
614	764.53	764.53	543.26	543.26	764.53	764.53	764.53	764.53	764.53	764.53	764.53
615	764.43	764.43	543.2	543.2	764.43	764.43	764.43	764.43	764.43	764.43	764.43
616	764.34	764.34	543.14	543.14	764.34	764.34	764.34	764.34	764.34	764.34	764.34
617	764.24	764.24	543.08	543.08	764.24	764.24	764.24	764.24	764.24	764.24	764.24
618	764.15	764.15	543.03	543.03	764.15	764.15	764.15	764.15	764.15	764.15	764.15
619	764.06	764.06	542.97	542.97	764.06	764.06	764.06	764.06	764.06	764.06	764.06
620	763.97	763.97	542.91	542.91	763.97	763.97	763.97	763.97	763.97	763.97	763.97
621	763.88	763.88	542.86	542.86	763.88	763.88	763.88	763.88	763.88	763.88	763.88
622	763.8	763.8	542.81	542.81	763.8	763.8	763.8	763.8	763.8	763.8	763.8
623	763.71	763.71	542.76	542.76	763.71	763.71	763.71	763.71	763.71	763.71	763.71
624	763.63	763.63	542.7	542.7	763.63	763.63	763.63	763.63	763.63	763.63	763.63
625	763.54	763.54	542.65	542.65	763.54	763.54	763.54	763.54	763.54	763.54	763.54
626	763.46	763.46	542.6	542.6	763.46	763.46	763.46	763.46	763.46	763.46	763.46
627	763.38	763.38	542.55	542.55	763.38	763.38	763.38	763.38	763.38	763.38	763.38
628	763.3	763.3	542.51	542.51	763.3	763.3	763.3	763.3	763.3	763.3	763.3
629	763.22	763.22	542.46	542.46	763.22	763.22	763.22	763.22	763.22	763.22	763.22
630	763.15	763.15	542.42	542.42	763.15	763.15	763.15	763.15	763.15	763.15	763.15
631	763.07	763.07	542.37	542.37	763.07	763.07	763.07	763.07	763.07	763.07	763.07
632	763	763	542.33	542.33	763	763	763	763	763	763	763
633	762.92	762.92	542.29	542.29	762.92	762.92	762.92	762.92	762.92	762.92	762.92
634	762.85	762.85	542.25	542.25	762.85	762.85	762.85	762.85	762.85	762.85	762.85
635	762.78	762.78	542.2	542.2	762.78	762.78	762.78	762.78	762.78	762.78	762.78
636	762.71	762.71	542.16	542.16	762.71	762.71	762.71	762.71	762.71	762.71	762.71
637	762.65	762.65	542.13	542.13	762.65	762.65	762.65	762.65	762.65	762.65	762.65
638	762.58	762.58	542.09	542.09	762.58	762.58	762.58	762.58	762.58	762.58	762.58
639	762.51	762.51	542.05	542.05	762.51	762.51	762.51	762.51	762.51	762.51	762.51
640	762.45	762.45	542.02	542.02	762.45	762.45	762.45	762.45	762.45	762.45	762.45
641	762.38	762.38	541.98	541.98	762.38	762.38	762.38	762.38	762.38	762.38	762.38
642	762.32	762.32	541.95	541.95	762.32	762.32	762.32	762.32	762.32	762.32	762.32
643	762.26	762.26	541.92	541.92	762.26	762.26	762.26	762.26	762.26	762.26	762.26
644	762.2	762.2	541.88	541.88	762.2	762.2	762.2	762.2	762.2	762.2	762.2
645	762.14	762.14	541.85	541.85	762.14	762.14	762.14	762.14	762.14	762.14	762.14
646	762.09	762.09	541.81	541.81	762.09	762.09	762.09	762.09	762.09	762.09	762.09
647	762.03	762.03	541.78	541.78	762.03	762.03	762.03	762.03	762.03	762.03	762.03
648	761.97	761.97	541.75	541.75	761.97	761.97	761.97	761.97	761.97	761.97	761.97
649	761.92	761.92	541.72	541.72	761.92	761.92	761.92	761.92	761.92	761.92	761.92
650	761.87	761.87	541.69	541.69	761.87	761.87	761.87	761.87	761.87	761.87	761.87
651	761.81	761.81	541.65	541.65	761.81	761.81	761.81	761.81	761.81	761.81	761.81
652	761.76	761.76	541.63	541.63	761.76	761.76	761.76	761.76	761.76	761.76	761.76
653	761.71	761.71	541.6	541.6	761.71	761.71	761.71	761.71	761.71	761.71	761.71
654	761.66	761.66	541.58	541.58	761.66	761.66	761.66	761.66	761.66	761.66	761.66
655	761.61	761.61	541.55	541.55	761.61	761.61	761.61	761.61	761.61	761.61	761.61
656	761.57	761.57	541.52	541.52	761.57	761.57	761.57	761.57	761.57	761.57	761.57
657	761.52	761.52	541.5	541.5	761.52	761.52	761.52	761.52	761.52	761.52	761.52
658	761.48	761.48	541.47	541.47	761.48	761.48	761.48	761.48	761.48	761.48	761.48
659	761.43	761.43	541.45	541.45	761.43	761.43	761.43	761.43	761.43	761.43	761.43
660	761.39	761.39	541.42	541.42	761.39	761.39	761.39	761.39	761.39	761.39	761.39
661	761.35	761.35	541.4	541.4	761.35	761.35	761.35	761.35	761.35	761.35	761.35
662	761.3	761.3	541.37	541.37	761.3	761.3	761.3	761.3	761.3	761.3	761.3
663	761.26	761.26	541.35	541.35	761.26	761.26	761.26	761.26	761.26	761.26	761.26
664	761.23	761.23	541.33	541.33	761.23	761.23	761.23	761.23	761.23	761.23	761.23
665	761.19	761.19	541.31	541.31	761.19	761.19	761.19	761.19	761.19	761.19	761.19
666	761.15	761.15	541.29	541.29	761.15	761.15	761.15	761.15	761.15	761.15	761.15
667	761.11	761.11	541.27	541.27	761.11	761.11	761.11	761.11	761.11	761.11	761.11
668	761.08	761.08	541.25	541.25	761.08	761.08	761.08	761.08	761.08	761.08	761.08
669	761.04	761.04	541.23	541.23	761.04	761.04	761.04	761.04	761.04	761.04	761.04
670	761.01	761.01	541.21	541.21	761.01	761.01	761.01	761.01	761.01	761.01	761.01
671	760.98	760.98	541.19	541.19	760.98	760.98	760.98	760.98	760.98	760.98	760.98
672	760.95	760.95	541.17	541.17	760.95	760.95	760.95	760.95	760.95	760.95	760.95
673	760.92	760.92	541.15	541.15	760.92	760.92	760.92	760.92	760.92	760.92	760.92
674	760.89	760.89	541.13	541.13	760.89	760.89	760.89	760.89	760.89	760.89	760.89
675	760.86	760.86	541.11	541.11	760.86	760.86	760.86	760.86	760.86	760.86	760.86
676	760.83	760.83	541.1	541.1	760.83	760.83	760.83	760.83	760.83	760.83	760.83
677	760.8	760.8	541.08	541.08	760.8	760.8	760.8	760.8	760.8	760.8	760.8
678	760.78	760.78	541.06	541.06	760.78	760.78	760.78	760.78	760.78	760.78	760.78
679	760.75	760.75	541.04	541.04	760.75	760.75	760.75	760.75	760.75	760.75	760.75
680	760.73	760.73	541.02	541.02	760.73	760.73	760.73	760.73	760.73	760.73	760.73
681	760.71	760.71	541.01	541.01	760.71	760.71	760.71	760.71	760.71	760.71	760.71
682	510.38	510.38	540.99	540.99	760.68	510.38	510.38	510.38	510.38	510.38	510.38
683	510.48	510.48	540.98	540.98	760.65	510.48	510.48	510.48	510.48	510.48	510.48
684	510.57	510.57	540.97	540.97	760.61	510.57	510.57	510.57	510.57	510.57	510.57
685	510.67	510.67	540.95	540.95	760.57	510.67	510.67	510.67	510.67	510.67	510.67
686	510.77	510.77	540.94	540.94	760.53	510.77	510.77	510.77	510.77	510.77	510.77
687	510.87	510.87	540.92	540.92	760.48	510.87	510.87	510.87	510.87	510.87	510.87
688	510.97	510.97	540.91	540.91	760.42	510.97	510.97	510.97	510.97	510.97	510.97
689	511.06	511.06	540.9	540.9	760.37	511.06	511.06	511.06	511.06	511.06	511.06
690	511.16	511.16	540.88	540.88	760.31	511.16	511.16	511.16	511.16	511.16	511.16
691	511.24	511.24	540.83	540.83	760.24	511.24	511.24	511.24	511.24	511.24	511.24
692	511.26	511.26	540.63	540.63	511.15	511.26	511.26	511.26	511.26	511.26	511.26
