;LAP Aft Skirt Orifice Flow Mdot (lbm/s)
#I=0,692,1; vent_c1d2_lin.vsm  @ Fri Jan 16 15:52:17 1998
0	0	0	0	0	0	0	0	0	0	0	0
1	-0.11641	-0.11641	-0.10801	-0.10801	-0.10266	0	0	0	0	0	0
2	-0.12238	-0.12238	-0.10595	-0.10595	-0.094771	0	0	0	0	0	0
3	-0.12824	-0.12824	-0.10414	-0.10414	-0.08658	0	0	0	0	0	0
4	-0.13401	-0.13401	-0.10261	-0.10261	-0.078006	0	0	0	0	0	0
5	-0.13971	-0.13971	-0.10139	-0.10139	-0.068934	0	0	0	0	0	0
6	-0.14539	-0.14539	-0.10052	-0.10052	-0.059196	0	0	0	0	0	0
7	-0.15108	-0.15108	-0.10008	-0.10008	-0.048531	0	0	0	0	0	0
8	-0.15686	-0.15686	-0.10021	-0.10021	-0.03648	0	0	0	0	0	0
9	-0.16291	-0.16291	-0.10119	-0.10119	-0.022077	0	0	0	0	0	0
10	-0.16972	-0.16972	-0.10385	-0.10385	-0.0021681	0	0	0	0	0	0
11	-0.17699	-0.17699	-0.10775	-0.10775	0.013329	0	0	0	0	0	0
12	-0.18316	-0.18316	-0.11023	-0.11023	0.024833	0	0	0	0	0	0
13	-0.18866	-0.18866	-0.11196	-0.11196	0.034557	0	0	0	0	0	0
14	-0.19369	-0.19369	-0.11322	-0.11322	0.043104	0	0	0	0	0	0
15	-0.19836	-0.19836	-0.11415	-0.11415	0.050794	0	0	0	0	0	0
16	-0.20275	-0.20275	-0.11485	-0.11485	0.057826	0	0	0	0	0	0
17	-0.20689	-0.20689	-0.11536	-0.11536	0.064329	0	0	0	0	0	0
18	-0.21083	-0.21083	-0.11573	-0.11573	0.070396	0	0	0	0	0	0
19	-0.21458	-0.21458	-0.11598	-0.11598	0.076093	0	0	0	0	0	0
20	-0.21818	-0.21818	-0.11614	-0.11614	0.081473	0	0	0	0	0	0
21	-0.37203	-0.37203	-0.27346	-0.27346	-0.19992	0	0	0	0	0	0
22	-0.40406	-0.40406	-0.26647	-0.26647	-0.149	0	0	0	0	0	0
23	-0.43544	-0.43544	-0.26389	-0.26389	-0.085238	0	0	0	0	0	0
24	-0.47109	-0.47109	-0.27422	-0.27422	0.017177	0	0	0	0	0	0
25	-0.50486	-0.50486	-0.287	-0.287	0.074865	0	0	0	0	0	0
26	-0.53215	-0.53215	-0.293	-0.293	0.11857	0	0	0	0	0	0
27	-0.55561	-0.55561	-0.29588	-0.29588	0.15437	0	0	0	0	0	0
28	-0.57637	-0.57637	-0.29699	-0.29699	0.18494	0	0	0	0	0	0
29	-0.59501	-0.59501	-0.29699	-0.29699	0.21168	0	0	0	0	0	0
30	-0.61192	-0.61192	-0.29625	-0.29625	0.23546	0	0	0	0	0	0
31	-0.62733	-0.62733	-0.29499	-0.29499	0.25683	0	0	0	0	0	0
32	-0.64143	-0.64143	-0.29337	-0.29337	0.2762	0	0	0	0	0	0
33	-0.65434	-0.65434	-0.29149	-0.29149	0.29386	0	0	0	0	0	0
34	-0.66618	-0.66618	-0.28942	-0.28942	0.31002	0	0	0	0	0	0
35	-0.67702	-0.67702	-0.28722	-0.28722	0.32486	0	0	0	0	0	0
36	-0.68694	-0.68694	-0.28495	-0.28495	0.3385	0	0	0	0	0	0
37	-0.69599	-0.69599	-0.28262	-0.28262	0.35106	0	0	0	0	0	0
38	-0.70422	-0.70422	-0.28027	-0.28027	0.36262	0	0	0	0	0	0
39	-0.71167	-0.71167	-0.27792	-0.27792	0.37326	0	0	0	0	0	0
40	-0.71836	-0.71836	-0.27559	-0.27559	0.38305	0	0	0	0	0	0
41	-0.72434	-0.72434	-0.2733	-0.2733	0.392	0	0	0	0	0	0
42	-0.72963	-0.72963	-0.27106	-0.27106	0.40019	0	0	0	0	0	0
43	-0.73425	-0.73425	-0.26889	-0.26889	0.40765	0	0	0	0	0	0
44	-0.73821	-0.73821	-0.26678	-0.26678	0.41442	0	0	0	0	0	0
45	-0.74154	-0.74154	-0.26475	-0.26475	0.42053	0	0	0	0	0	0
46	-0.74425	-0.74425	-0.26281	-0.26281	0.42594	0	0	0	0	0	0
47	-0.74635	-0.74635	-0.26098	-0.26098	0.43073	0	0	0	0	0	0
48	-0.74786	-0.74786	-0.25924	-0.25924	0.43491	0	0	0	0	0	0
49	-0.74877	-0.74877	-0.25761	-0.25761	0.4385	0	0	0	0	0	0
50	-0.74911	-0.74911	-0.25609	-0.25609	0.44151	0	0	0	0	0	0
51	-0.74888	-0.74888	-0.25469	-0.25469	0.44387	0	0	0	0	0	0
52	-0.74808	-0.74808	-0.25343	-0.25343	0.44565	0	0	0	0	0	0
53	-0.74671	-0.74671	-0.25228	-0.25228	0.44688	0	0	0	0	0	0
54	-0.76371	-0.76371	-0.28881	-0.28881	0.49765	0	0	0	0	0	0
55	-0.77449	-0.77449	-0.30958	-0.30958	0.54643	0	0	0	0	0	0
56	-0.78253	-0.78253	-0.32572	-0.32572	0.58904	0	0	0	0	0	0
57	-0.75322	-0.75322	-0.3148	-0.3148	0.57927	0	0	0	0	0	0
58	-0.72919	-0.72919	-0.31665	-0.31665	0.56206	0	0	0	0	0	0
59	-0.70653	-0.70653	-0.32095	-0.32095	0.54303	0	0	0	0	0	0
60	-0.68443	-0.68443	-0.32548	-0.32548	0.52333	0	0	0	0	0	0
61	-0.66269	-0.66269	-0.3298	-0.3298	0.50309	0	0	0	0	0	0
62	-0.64129	-0.64129	-0.33379	-0.33379	0.48247	0	0	0	0	0	0
63	-0.62021	-0.62021	-0.33739	-0.33739	0.46148	0	0	0	0	0	0
64	-0.59944	-0.59944	-0.34057	-0.34057	0.4401	0	0	0	0	0	0
65	-0.57897	-0.57897	-0.34332	-0.34332	0.4183	0	0	0	0	0	0
66	-0.55883	-0.55883	-0.34563	-0.34563	0.3959	0	0	0	0	0	0
67	-0.539	-0.539	-0.34746	-0.34746	0.373	0	0	0	0	0	0
68	-0.51947	-0.51947	-0.34877	-0.34877	0.34956	0	0	0	0	0	0
69	-0.50024	-0.50024	-0.34954	-0.34954	0.32549	0	0	0	0	0	0
70	-0.48128	-0.48128	-0.34971	-0.34971	0.30071	0	0	0	0	0	0
71	-0.4626	-0.4626	-0.34926	-0.34926	0.27498	0	0	0	0	0	0
72	-0.44416	-0.44416	-0.34812	-0.34812	0.24825	0	0	0	0	0	0
73	-0.42592	-0.42592	-0.3462	-0.3462	0.22026	0	0	0	0	0	0
74	-0.40782	-0.40782	-0.34342	-0.34342	0.19065	0	0	0	0	0	0
75	-0.38978	-0.38978	-0.33965	-0.33965	0.15878	0	0	0	0	0	0
76	-0.32968	-0.32968	-0.27242	-0.27242	0.25277	0	0	0	0	0	0
77	-0.30255	-0.30255	-0.2442	-0.2442	0.26805	0	0	0	0	0	0
78	-0.28846	-0.28846	-0.23229	-0.23229	0.26459	0	0	0	0	0	0
79	-0.27906	-0.27906	-0.22631	-0.22631	0.25516	0	0	0	0	0	0
80	-0.27129	-0.27129	-0.22232	-0.22232	0.24363	0	0	0	0	0	0
81	-0.26408	-0.26408	-0.21892	-0.21892	0.23112	0	0	0	0	0	0
82	-0.25706	-0.25706	-0.21565	-0.21565	0.21817	0	0	0	0	0	0
83	-0.25008	-0.25008	-0.21232	-0.21232	0.2049	0	0	0	0	0	0
84	-0.24309	-0.24309	-0.20886	-0.20886	0.19132	0	0	0	0	0	0
85	-0.23604	-0.23604	-0.20522	-0.20522	0.17741	0	0	0	0	0	0
86	-0.22892	-0.22892	-0.20137	-0.20137	0.16299	0	0	0	0	0	0
87	-0.22169	-0.22169	-0.19727	-0.19727	0.14808	0	0	0	0	0	0
88	-0.18729	-0.18729	-0.16313	-0.16313	0.1728	0	0	0	0	0	0
89	-0.16739	-0.16739	-0.14619	-0.14619	0.17288	0	0	0	0	0	0
90	-0.15467	-0.15467	-0.13786	-0.13786	0.16435	0	0	0	0	0	0
91	-0.14514	-0.14514	-0.13324	-0.13324	0.15229	0	0	0	0	0	0
92	-0.13696	-0.13696	-0.13001	-0.13001	0.13869	0	0	0	0	0	0
93	-0.12935	-0.12935	-0.12722	-0.12722	0.12424	0	0	0	0	0	0
94	-0.12197	-0.12197	-0.12447	-0.12447	0.10915	0	0	0	0	0	0
95	-0.11466	-0.11466	-0.12157	-0.12157	0.093318	0	0	0	0	0	0
96	-0.10733	-0.10733	-0.11842	-0.11842	0.076442	0	0	0	0	0	0
97	-0.099822	-0.099822	-0.1149	-0.1149	0.057855	0	0	0	0	0	0
98	-0.091871	-0.091871	-0.1108	-0.1108	0.035578	0	0	0	0	0	0
99	-0.081937	-0.081937	-0.10503	-0.10503	-0.010796	0	0	0	0	0	0
100	-0.070413	-0.070413	-0.098209	-0.098209	-0.030829	0	0	0	0	0	0
101	-0.050565	-0.050565	-0.085152	-0.085152	0.024679	0	0	0	0	0	0
102	-0.042441	-0.042441	-0.078792	-0.078792	0.03623	0	0	0	0	0	0
103	-0.040562	-0.040562	-0.075734	-0.075734	0.036673	0	0	0	0	0	0
104	-0.040265	-0.040265	-0.073447	-0.073447	0.035066	0	0	0	0	0	0
105	-0.0403	-0.0403	-0.071317	-0.071317	0.032893	0	0	0	0	0	0
106	-0.040357	-0.040357	-0.06919	-0.06919	0.030467	0	0	0	0	0	0
107	-0.040352	-0.040352	-0.06702	-0.06702	0.027866	0	0	0	0	0	0
108	-0.040257	-0.040257	-0.064783	-0.064783	0.025083	0	0	0	0	0	0
109	-0.034028	-0.034028	-0.059008	-0.059008	0.029863	0	0	0	0	0	0
110	-0.029268	-0.029268	-0.054054	-0.054054	0.030837	0	0	0	0	0	0
111	-0.027552	-0.027552	-0.050662	-0.050662	0.028601	0	0	0	0	0	0
112	-0.026869	-0.026869	-0.047808	-0.047808	0.025316	0	0	0	0	0	0
113	-0.026455	-0.026455	-0.045137	-0.045137	0.021572	0	0	0	0	0	0
114	-0.026046	-0.026046	-0.042525	-0.042525	0.017486	0	0	0	0	0	0
115	-0.025532	-0.025532	-0.039914	-0.039914	0.012943	0	0	0	0	0	0
116	-0.02481	-0.02481	-0.037241	-0.037241	0.0074405	0	0	0	0	0	0
117	-0.023434	-0.023434	-0.034219	-0.034219	-0.0031037	0	0	0	0	0	0
118	-0.018977	-0.018977	-0.029843	-0.029843	0.009775	0	0	0	0	0	0
119	-0.016465	-0.016465	-0.027017	-0.027017	0.010943	0	0	0	0	0	0
120	-0.015537	-0.015537	-0.025107	-0.025107	0.0094492	0	0	0	0	0	0
121	-0.015031	-0.015031	-0.023456	-0.023456	0.0070663	0	0	0	0	0	0
122	-0.01453	-0.01453	-0.021835	-0.021835	0.0038739	0	0	0	0	0	0
123	-0.013632	-0.013632	-0.01999	-0.01999	-0.0020579	0	0	0	0	0	0
124	-0.012839	-0.012839	-0.018221	-0.018221	-0.0048439	0	0	0	0	0	0
125	-0.012427	-0.012427	-0.016728	-0.016728	-0.006994	0	0	0	0	0	0
126	-0.018134	-0.018134	-0.021365	-0.021365	-0.014546	0	0	0	0	0	0
127	-0.012922	-0.012922	-0.016452	-0.016452	-0.0086921	0	0	0	0	0	0
128	-0.0098738	-0.0098738	-0.013085	-0.013085	-0.0058862	0	0	0	0	0	0
129	-0.0084817	-0.0084817	-0.010772	-0.010772	-0.0059709	0	0	0	0	0	0
130	-0.0079694	-0.0079694	-0.0090177	-0.0090177	-0.0070325	0	0	0	0	0	0
131	-0.0071665	-0.0071665	-0.007511	-0.007511	0.0049668	0	0	0	0	0	0
132	-0.0071123	-0.0071123	-0.0088263	-0.0088263	0.019491	0	0	0	0	0	0
133	-0.0078313	-0.0078313	-0.010238	-0.010238	0.02631	0	0	0	0	0	0
134	-0.0086483	-0.0086483	-0.01132	-0.01132	0.032266	0	0	0	0	0	0
135	-0.0095527	-0.0095527	-0.012147	-0.012147	0.038229	0	0	0	0	0	0
136	-0.010496	-0.010496	-0.012736	-0.012736	0.044123	0	0	0	0	0	0
137	-0.011463	-0.011463	-0.013088	-0.013088	0.049663	0	0	0	0	0	0
138	-0.012424	-0.012424	-0.013329	-0.013329	0.05512	0	0	0	0	0	0
139	-0.013329	-0.013329	-0.013706	-0.013706	0.060496	0	0	0	0	0	0
140	-0.014142	-0.014142	-0.014215	-0.014215	0.065795	0	0	0	0	0	0
141	-0.014826	-0.014826	-0.014826	-0.014826	0.065694	0	0	0	0	0	0
142	-0.014742	-0.014742	-0.014742	-0.014742	0.044493	0	0	0	0	0	0
143	-0.013885	-0.013885	-0.013885	-0.013885	0.03461	0	0	0	0	0	0
144	-0.013001	-0.013001	-0.013001	-0.013001	0.032134	0	0	0	0	0	0
145	-0.012156	-0.012156	-0.012156	-0.012156	0.029702	0	0	0	0	0	0
146	-0.011345	-0.011345	-0.011345	-0.011345	0.027332	0	0	0	0	0	0
147	-0.010564	-0.010564	-0.010564	-0.010564	0.025077	0	0	0	0	0	0
148	-0.0098089	-0.0098089	-0.0098089	-0.0098089	0.022841	0	0	0	0	0	0
149	-0.009078	-0.009078	-0.009078	-0.009078	0.020623	0	0	0	0	0	0
150	-0.0083689	-0.0083689	-0.0083689	-0.0083689	0.018422	0	0	0	0	0	0
151	-0.0076795	-0.0076795	-0.0076795	-0.0076795	0.016249	0	0	0	0	0	0
152	-0.0070079	-0.0070079	-0.0070079	-0.0070079	0.014119	0	0	0	0	0	0
153	-0.0063537	-0.0063537	-0.0063537	-0.0063537	0.011983	0	0	0	0	0	0
154	-0.0057271	-0.0057271	-0.0057271	-0.0057271	0.01092	0	0	0	0	0	0
155	-0.0052107	-0.0052107	-0.0052107	-0.0052107	0.011433	0	0	0	0	0	0
156	-0.0047914	-0.0047914	-0.0048096	-0.0048096	0.011942	0	0	0	0	0	0
157	-0.0041789	-0.0041789	-0.0045167	-0.0045167	0.012466	0	0	0	0	0	0
158	-0.0032716	-0.0032716	-0.0042551	-0.0042551	0.01299	0	0	0	0	0	0
159	-0.0020354	-0.0020354	-0.0039859	-0.0039859	0.013514	0	0	0	0	0	0
160	0.00045825	0.00045825	-0.0039154	-0.0039154	0.014039	0	0	0	0	0	0
161	0.00093561	0.00093561	-0.0041987	-0.0041987	0.014567	0	0	0	0	0	0
162	0.0010629	0.0010629	-0.004517	-0.004517	0.015104	0	0	0	0	0	0
163	0.001153	0.001153	-0.0048407	-0.0048407	0.015643	0	0	0	0	0	0
164	0.0012359	0.0012359	-0.0051656	-0.0051656	0.016183	0	0	0	0	0	0
165	0.0013169	0.0013169	-0.0054912	-0.0054912	0.016724	0	0	0	0	0	0
166	0.0013981	0.0013981	-0.0058172	-0.0058172	0.017275	0	0	0	0	0	0
167	0.001493	0.001493	-0.0061433	-0.0061433	0.017861	0	0	0	0	0	0
168	0.0015926	0.0015926	-0.006471	-0.006471	0.018451	0	0	0	0	0	0
169	0.0016933	0.0016933	-0.0068009	-0.0068009	0.019045	0	0	0	0	0	0
170	0.0017944	0.0017944	-0.0071333	-0.0071333	0.019644	0	0	0	0	0	0
171	0.0018956	0.0018956	-0.0074681	-0.0074681	0.020246	0	0	0	0	0	0
172	0.0019939	0.0019939	-0.0078055	-0.0078055	0.020845	0	0	0	0	0	0
173	0.0020739	0.0020739	-0.0081473	-0.0081473	0.021444	0	0	0	0	0	0
174	0.0021369	0.0021369	-0.0084921	-0.0084921	0.022037	0	0	0	0	0	0
175	0.0022018	0.0022018	-0.0088369	-0.0088369	0.022625	0	0	0	0	0	0
176	0.0022714	0.0022714	-0.0091815	-0.0091815	0.023206	0	0	0	0	0	0
177	0.0023431	0.0023431	-0.009526	-0.009526	0.023776	0	0	0	0	0	0
178	0.0024188	0.0024188	-0.0098704	-0.0098704	0.024341	0	0	0	0	0	0
179	0.0024994	0.0024994	-0.010215	-0.010215	0.024903	0	0	0	0	0	0
180	0.0025847	0.0025847	-0.010559	-0.010559	0.025462	0	0	0	0	0	0
181	0.0026743	0.0026743	-0.010903	-0.010903	0.026016	0	0	0	0	0	0
182	0.0027647	0.0027647	-0.011248	-0.011248	0.02656	0	0	0	0	0	0
183	0.0028582	0.0028582	-0.011593	-0.011593	0.027101	0	0	0	0	0	0
184	0.0029554	0.0029554	-0.011939	-0.011939	0.02764	0	0	0	0	0	0
185	0.0030565	0.0030565	-0.012284	-0.012284	0.028176	0	0	0	0	0	0
186	0.0031609	0.0031609	-0.01263	-0.01263	0.028709	0	0	0	0	0	0
187	0.0032655	0.0032655	-0.012977	-0.012977	0.029234	0	0	0	0	0	0
188	0.0033724	0.0033724	-0.013324	-0.013324	0.029757	0	0	0	0	0	0
189	0.0034825	0.0034825	-0.013672	-0.013672	0.030278	0	0	0	0	0	0
190	0.0035956	0.0035956	-0.01402	-0.01402	0.030797	0	0	0	0	0	0
191	0.0037116	0.0037116	-0.014368	-0.014368	0.031314	0	0	0	0	0	0
192	0.0038273	0.0038273	-0.014717	-0.014717	0.031824	0	0	0	0	0	0
193	0.0039447	0.0039447	-0.015067	-0.015067	0.032332	0	0	0	0	0	0
194	0.0040649	0.0040649	-0.015417	-0.015417	0.032839	0	0	0	0	0	0
195	0.0041877	0.0041877	-0.015768	-0.015768	0.033345	0	0	0	0	0	0
196	0.0043128	0.0043128	-0.016119	-0.016119	0.033849	0	0	0	0	0	0
197	0.0044373	0.0044373	-0.016472	-0.016472	0.034346	0	0	0	0	0	0
198	0.0045634	0.0045634	-0.016824	-0.016824	0.034842	0	0	0	0	0	0
199	0.0046917	0.0046917	-0.017177	-0.017177	0.035338	0	0	0	0	0	0
200	0.0048223	0.0048223	-0.017531	-0.017531	0.035833	0	0	0	0	0	0
201	0.0049549	0.0049549	-0.017885	-0.017885	0.036326	0	0	0	0	0	0
202	0.0050869	0.0050869	-0.01824	-0.01824	0.036813	0	0	0	0	0	0
203	0.00522	0.00522	-0.018596	-0.018596	0.037299	0	0	0	0	0	0
204	0.0053551	0.0053551	-0.018952	-0.018952	0.037786	0	0	0	0	0	0
205	0.0054923	0.0054923	-0.019308	-0.019308	0.038271	0	0	0	0	0	0
206	0.0056312	0.0056312	-0.019665	-0.019665	0.038756	0	0	0	0	0	0
207	0.0057693	0.0057693	-0.020023	-0.020023	0.039234	0	0	0	0	0	0
208	0.0059084	0.0059084	-0.020381	-0.020381	0.039713	0	0	0	0	0	0
209	0.0060493	0.0060493	-0.02074	-0.02074	0.040191	0	0	0	0	0	0
210	0.006192	0.006192	-0.021099	-0.021099	0.040669	0	0	0	0	0	0
211	0.0063362	0.0063362	-0.021459	-0.021459	0.041146	0	0	0	0	0	0
212	0.0064797	0.0064797	-0.02182	-0.02182	0.041618	0	0	0	0	0	0
213	0.006624	0.006624	-0.022181	-0.022181	0.042089	0	0	0	0	0	0
214	0.0067699	0.0067699	-0.022542	-0.022542	0.042561	0	0	0	0	0	0
215	0.0069174	0.0069174	-0.022904	-0.022904	0.043032	0	0	0	0	0	0
216	0.0070663	0.0070663	-0.023267	-0.023267	0.043502	0	0	0	0	0	0
217	0.0072143	0.0072143	-0.02363	-0.02363	0.043968	0	0	0	0	0	0
218	0.0073632	0.0073632	-0.023994	-0.023994	0.044434	0	0	0	0	0	0
219	0.0075134	0.0075134	-0.024358	-0.024358	0.0449	0	0	0	0	0	0
220	0.0076652	0.0076652	-0.024722	-0.024722	0.045365	0	0	0	0	0	0
221	0.0078182	0.0078182	-0.025087	-0.025087	0.04583	0	0	0	0	0	0
222	0.0079704	0.0079704	-0.025453	-0.025453	0.046291	0	0	0	0	0	0
223	0.0081233	0.0081233	-0.025819	-0.025819	0.046752	0	0	0	0	0	0
224	0.0082775	0.0082775	-0.026185	-0.026185	0.047213	0	0	0	0	0	0
225	0.0084331	0.0084331	-0.026552	-0.026552	0.047674	0	0	0	0	0	0
226	0.0085898	0.0085898	-0.02692	-0.02692	0.048134	0	0	0	0	0	0
227	0.0087457	0.0087457	-0.027288	-0.027288	0.048591	0	0	0	0	0	0
228	0.0089022	0.0089022	-0.027656	-0.027656	0.049047	0	0	0	0	0	0
229	0.0090599	0.0090599	-0.028025	-0.028025	0.049504	0	0	0	0	0	0
230	0.0092189	0.0092189	-0.028394	-0.028394	0.049961	0	0	0	0	0	0
231	0.0093789	0.0093789	-0.028764	-0.028764	0.050417	0	0	0	0	0	0
232	0.0095381	0.0095381	-0.029134	-0.029134	0.05087	0	0	0	0	0	0
233	0.0096979	0.0096979	-0.029505	-0.029505	0.051323	0	0	0	0	0	0
234	0.0098588	0.0098588	-0.029876	-0.029876	0.051776	0	0	0	0	0	0
235	0.010021	0.010021	-0.030247	-0.030247	0.052229	0	0	0	0	0	0
236	0.010184	0.010184	-0.030619	-0.030619	0.052682	0	0	0	0	0	0
237	0.010346	0.010346	-0.030991	-0.030991	0.053132	0	0	0	0	0	0
238	0.010509	0.010509	-0.031364	-0.031364	0.053581	0	0	0	0	0	0
239	0.010673	0.010673	-0.031737	-0.031737	0.054031	0	0	0	0	0	0
240	0.010838	0.010838	-0.032111	-0.032111	0.054482	0	0	0	0	0	0
241	0.011004	0.011004	-0.032485	-0.032485	0.054931	0	0	0	0	0	0
242	0.011169	0.011169	-0.032859	-0.032859	0.055378	0	0	0	0	0	0
243	0.011334	0.011334	-0.033234	-0.033234	0.055825	0	0	0	0	0	0
244	0.011501	0.011501	-0.033609	-0.033609	0.056272	0	0	0	0	0	0
245	0.011668	0.011668	-0.033985	-0.033985	0.05672	0	0	0	0	0	0
246	0.011837	0.011837	-0.03436	-0.03436	0.057167	0	0	0	0	0	0
247	0.012004	0.012004	-0.034737	-0.034737	0.057611	0	0	0	0	0	0
248	0.012172	0.012172	-0.035113	-0.035113	0.058055	0	0	0	0	0	0
249	0.012341	0.012341	-0.035491	-0.035491	0.0585	0	0	0	0	0	0
250	0.01251	0.01251	-0.035868	-0.035868	0.058944	0	0	0	0	0	0
251	0.012681	0.012681	-0.036246	-0.036246	0.059389	0	0	0	0	0	0
252	0.01285	0.01285	-0.036624	-0.036624	0.05983	0	0	0	0	0	0
253	0.01302	0.01302	-0.037002	-0.037002	0.060272	0	0	0	0	0	0
254	0.013191	0.013191	-0.037381	-0.037381	0.060714	0	0	0	0	0	0
255	0.013363	0.013363	-0.03776	-0.03776	0.061156	0	0	0	0	0	0
256	0.013535	0.013535	-0.038139	-0.038139	0.061598	0	0	0	0	0	0
257	0.013707	0.013707	-0.038519	-0.038519	0.062037	0	0	0	0	0	0
258	0.013879	0.013879	-0.038899	-0.038899	0.062477	0	0	0	0	0	0
259	0.014051	0.014051	-0.03928	-0.03928	0.062917	0	0	0	0	0	0
260	0.014225	0.014225	-0.03966	-0.03966	0.063357	0	0	0	0	0	0
261	0.014399	0.014399	-0.040041	-0.040041	0.063797	0	0	0	0	0	0
262	0.014573	0.014573	-0.040423	-0.040423	0.064234	0	0	0	0	0	0
263	0.014746	0.014746	-0.040804	-0.040804	0.064671	0	0	0	0	0	0
264	0.014921	0.014921	-0.041186	-0.041186	0.065109	0	0	0	0	0	0
265	0.015096	0.015096	-0.041568	-0.041568	0.065547	0	0	0	0	0	0
266	0.015272	0.015272	-0.041951	-0.041951	0.065985	0	0	0	0	0	0
267	0.015447	0.015447	-0.042334	-0.042334	0.06642	0	0	0	0	0	0
268	0.015623	0.015623	-0.042717	-0.042717	0.066856	0	0	0	0	0	0
269	0.015799	0.015799	-0.0431	-0.0431	0.067292	0	0	0	0	0	0
270	0.015976	0.015976	-0.043484	-0.043484	0.067728	0	0	0	0	0	0
271	0.016154	0.016154	-0.043867	-0.043867	0.068164	0	0	0	0	0	0
272	0.016331	0.016331	-0.044252	-0.044252	0.068598	0	0	0	0	0	0
273	0.016508	0.016508	-0.044636	-0.044636	0.069032	0	0	0	0	0	0
274	0.016686	0.016686	-0.045021	-0.045021	0.069466	0	0	0	0	0	0
275	0.016864	0.016864	-0.045406	-0.045406	0.069901	0	0	0	0	0	0
276	0.017043	0.017043	-0.045791	-0.045791	0.070335	0	0	0	0	0	0
277	0.017222	0.017222	-0.046176	-0.046176	0.070767	0	0	0	0	0	0
278	0.0174	0.0174	-0.046562	-0.046562	0.0712	0	0	0	0	0	0
279	0.01758	0.01758	-0.046948	-0.046948	0.071633	0	0	0	0	0	0
280	0.01776	0.01776	-0.047334	-0.047334	0.072066	0	0	0	0	0	0
281	0.01794	0.01794	-0.04772	-0.04772	0.072499	0	0	0	0	0	0
282	0.01812	0.01812	-0.048107	-0.048107	0.07293	0	0	0	0	0	0
283	0.0183	0.0183	-0.048494	-0.048494	0.073361	0	0	0	0	0	0
284	0.018481	0.018481	-0.048881	-0.048881	0.073792	0	0	0	0	0	0
285	0.018662	0.018662	-0.049268	-0.049268	0.074224	0	0	0	0	0	0
286	0.018844	0.018844	-0.049656	-0.049656	0.074655	0	0	0	0	0	0
287	0.019025	0.019025	-0.050044	-0.050044	0.075085	0	0	0	0	0	0
288	0.019207	0.019207	-0.050432	-0.050432	0.075515	0	0	0	0	0	0
289	0.019389	0.019389	-0.05082	-0.05082	0.075945	0	0	0	0	0	0
290	0.019571	0.019571	-0.051208	-0.051208	0.076376	0	0	0	0	0	0
291	0.019755	0.019755	-0.051597	-0.051597	0.076806	0	0	0	0	0	0
292	0.019937	0.019937	-0.051986	-0.051986	0.077234	0	0	0	0	0	0
293	0.02012	0.02012	-0.052375	-0.052375	0.077663	0	0	0	0	0	0
294	0.020303	0.020303	-0.052764	-0.052764	0.078092	0	0	0	0	0	0
295	0.020486	0.020486	-0.053154	-0.053154	0.078521	0	0	0	0	0	0
296	0.020671	0.020671	-0.053543	-0.053543	0.07895	0	0	0	0	0	0
297	0.020854	0.020854	-0.053933	-0.053933	0.079377	0	0	0	0	0	0
298	0.021038	0.021038	-0.054323	-0.054323	0.079805	0	0	0	0	0	0
299	0.021223	0.021223	-0.054714	-0.054714	0.080233	0	0	0	0	0	0
300	0.021408	0.021408	-0.055104	-0.055104	0.080661	0	0	0	0	0	0
301	0.021593	0.021593	-0.055495	-0.055495	0.081089	0	0	0	0	0	0
302	0.021778	0.021778	-0.055886	-0.055886	0.081515	0	0	0	0	0	0
303	0.021962	0.021962	-0.056277	-0.056277	0.081942	0	0	0	0	0	0
304	0.022148	0.022148	-0.056668	-0.056668	0.082368	0	0	0	0	0	0
305	0.022334	0.022334	-0.057059	-0.057059	0.082795	0	0	0	0	0	0
306	0.02252	0.02252	-0.057451	-0.057451	0.083222	0	0	0	0	0	0
307	0.022706	0.022706	-0.057843	-0.057843	0.083648	0	0	0	0	0	0
308	0.022892	0.022892	-0.058235	-0.058235	0.084073	0	0	0	0	0	0
309	0.023078	0.023078	-0.058627	-0.058627	0.084499	0	0	0	0	0	0
310	0.023265	0.023265	-0.059019	-0.059019	0.084925	0	0	0	0	0	0
311	0.023452	0.023452	-0.059411	-0.059411	0.085351	0	0	0	0	0	0
312	0.023639	0.023639	-0.059804	-0.059804	0.085775	0	0	0	0	0	0
313	0.023826	0.023826	-0.060197	-0.060197	0.086199	0	0	0	0	0	0
314	0.024013	0.024013	-0.06059	-0.06059	0.086624	0	0	0	0	0	0
315	0.024201	0.024201	-0.060983	-0.060983	0.087049	0	0	0	0	0	0
316	0.024389	0.024389	-0.061376	-0.061376	0.087474	0	0	0	0	0	0
317	0.024576	0.024576	-0.06177	-0.06177	0.087897	0	0	0	0	0	0
318	0.024764	0.024764	-0.062163	-0.062163	0.08832	0	0	0	0	0	0
319	0.024952	0.024952	-0.062557	-0.062557	0.088744	0	0	0	0	0	0
320	0.025141	0.025141	-0.062951	-0.062951	0.089168	0	0	0	0	0	0
321	0.025329	0.025329	-0.063345	-0.063345	0.08959	0	0	0	0	0	0
322	0.025512	0.025512	-0.06374	-0.06374	0.090002	0	0	0	0	0	0
323	0.025693	0.025693	-0.064134	-0.064134	0.090414	0	0	0	0	0	0
324	0.025874	0.025874	-0.064529	-0.064529	0.090826	0	0	0	0	0	0
325	0.026056	0.026056	-0.064923	-0.064923	0.091238	0	0	0	0	0	0
326	0.026238	0.026238	-0.065317	-0.065317	0.091649	0	0	0	0	0	0
327	0.026417	0.026417	-0.06571	-0.06571	0.092054	0	0	0	0	0	0
328	0.026595	0.026595	-0.066104	-0.066104	0.092458	0	0	0	0	0	0
329	0.026773	0.026773	-0.066497	-0.066497	0.092863	0	0	0	0	0	0
330	0.026952	0.026952	-0.066889	-0.066889	0.093267	0	0	0	0	0	0
331	0.027132	0.027132	-0.067281	-0.067281	0.093672	0	0	0	0	0	0
332	0.027312	0.027312	-0.067673	-0.067673	0.094076	0	0	0	0	0	0
333	0.027492	0.027492	-0.068064	-0.068064	0.09448	0	0	0	0	0	0
334	0.027673	0.027673	-0.068455	-0.068455	0.094884	0	0	0	0	0	0
335	0.027855	0.027855	-0.068846	-0.068846	0.095289	0	0	0	0	0	0
336	0.028036	0.028036	-0.069236	-0.069236	0.095691	0	0	0	0	0	0
337	0.028212	0.028212	-0.069626	-0.069626	0.096084	0	0	0	0	0	0
338	0.028387	0.028387	-0.070016	-0.070016	0.096477	0	0	0	0	0	0
339	0.028562	0.028562	-0.070406	-0.070406	0.09687	0	0	0	0	0	0
340	0.028737	0.028737	-0.070794	-0.070794	0.097262	0	0	0	0	0	0
341	0.028911	0.028911	-0.071182	-0.071182	0.097649	0	0	0	0	0	0
342	0.029071	0.029071	-0.071571	-0.071571	0.098011	0	0	0	0	0	0
343	0.029226	0.029226	-0.071959	-0.071959	0.098372	0	0	0	0	0	0
344	0.029381	0.029381	-0.072345	-0.072345	0.098732	0	0	0	0	0	0
345	0.029537	0.029537	-0.07273	-0.07273	0.099092	0	0	0	0	0	0
346	0.029681	0.029681	-0.073113	-0.073113	0.099417	0	0	0	0	0	0
347	0.029734	0.029734	-0.073502	-0.073502	0.099591	0	0	0	0	0	0
348	0.02976	0.02976	-0.073888	-0.073888	0.099757	0	0	0	0	0	0
349	0.029782	0.029782	-0.074265	-0.074265	0.099922	0	0	0	0	0	0
350	0.029808	0.029808	-0.074634	-0.074634	0.10009	0	0	0	0	0	0
351	0.029826	0.029826	-0.074994	-0.074994	0.10022	0	0	0	0	0	0
352	0.029759	0.029759	-0.075352	-0.075352	0.10021	0	0	0	0	0	0
353	0.02967	0.02967	-0.0757	-0.0757	0.10019	0	0	0	0	0	0
354	0.029583	0.029583	-0.076034	-0.076034	0.10017	0	0	0	0	0	0
355	0.029505	0.029505	-0.076353	-0.076353	0.10015	0	0	0	0	0	0
356	0.029429	0.029429	-0.076657	-0.076657	0.10012	0	0	0	0	0	0
357	0.078618	0.078618	-0.061396	-0.061396	0.12704	0	0	0	0	0	0
358	0.096655	0.096655	-0.056417	-0.056417	0.14356	0	0	0	0	0	0
359	0.10752	0.10752	-0.059328	-0.059328	0.15634	0	0	0	0	0	0
360	0.11523	0.11523	-0.066778	-0.066778	0.16729	0	0	0	0	0	0
361	0.1213	0.1213	-0.076221	-0.076221	0.17721	0	0	0	0	0	0
362	0.12641	0.12641	-0.086386	-0.086386	0.1865	0	0	0	0	0	0
363	0.14136	0.14136	-0.089217	-0.089217	0.20144	0	0	0	0	0	0
364	0.15172	0.15172	-0.097698	-0.097698	0.21359	0	0	0	0	0	0
365	0.15982	0.15982	-0.1088	-0.1088	0.22423	0	0	0	0	0	0
366	0.16676	0.16676	-0.12092	-0.12092	0.23405	0	0	0	0	0	0
367	0.19455	0.19455	-0.11236	-0.11236	0.25368	0	0	0	0	0	0
368	0.21221	0.21221	-0.11586	-0.11586	0.26653	0	0	0	0	0	0
369	0.22536	0.22536	-0.12599	-0.12599	0.27566	0	0	0	0	0	0
370	0.2364	0.2364	-0.13891	-0.13891	0.28256	0	0	0	0	0	0
371	0.17957	0.17957	-0.12788	-0.12788	0.25525	0	0	0	0	0	0
372	0.11515	0.11515	-0.080912	-0.080912	0.23592	0	0	0	0	0	0
373	-0.061873	-0.061873	0.10055	0.10055	0.21784	0	0	0	0	0	0
374	-0.12845	-0.12845	0.18609	0.18609	0.20213	0	0	0	0	0	0
375	0.034672	0.034672	0.28014	0.28014	0.1586	0	0	0	0	0	0
376	0.091124	0.091124	0.32787	0.32787	-0.099468	0	0	0	0	0	0
377	0.128	0.128	0.37389	0.37389	-0.2059	0	0	0	0	0	0
378	0.14344	0.14344	0.41291	0.41291	-0.28477	0	0	0	0	0	0
379	0.15032	0.15032	0.4488	0.4488	-0.35282	0	0	0	0	0	0
380	0.15245	0.15245	0.48314	0.48314	-0.41456	0	0	0	0	0	0
381	0.15152	0.15152	0.51668	0.51668	-0.47211	0	0	0	0	0	0
382	0.14854	0.14854	0.54986	0.54986	-0.52663	0	0	0	0	0	0
383	0.14392	0.14392	0.5829	0.5829	-0.57888	0	0	0	0	0	0
384	-0.11301	-0.11301	0.55339	0.55339	-0.60217	0	0	0	0	0	0
385	-0.12875	-0.12875	0.55133	0.55133	-0.60906	0	0	0	0	0	0
386	-0.13286	-0.13286	0.55243	0.55243	-0.61407	0	0	0	0	0	0
387	-0.13463	-0.13463	0.55422	0.55422	-0.61859	0	0	0	0	0	0
388	-0.13584	-0.13584	0.55614	0.55614	-0.62292	0	0	0	0	0	0
389	-0.13689	-0.13689	0.55807	0.55807	-0.62711	0	0	0	0	0	0
390	-0.13788	-0.13788	0.55999	0.55999	-0.63121	0	0	0	0	0	0
391	-0.13881	-0.13881	0.5619	0.5619	-0.6352	0	0	0	0	0	0
392	-0.1397	-0.1397	0.56381	0.56381	-0.63911	0	0	0	0	0	0
393	-0.14055	-0.14055	0.5657	0.5657	-0.64292	0	0	0	0	0	0
394	-0.14137	-0.14137	0.56756	0.56756	-0.64665	0	0	0	0	0	0
395	-0.14215	-0.14215	0.56941	0.56941	-0.6503	0	0	0	0	0	0
396	-0.14291	-0.14291	0.57124	0.57124	-0.65388	0	0	0	0	0	0
397	-0.14363	-0.14363	0.57307	0.57307	-0.65737	0	0	0	0	0	0
398	-0.14432	-0.14432	0.57488	0.57488	-0.6608	0	0	0	0	0	0
399	-0.14498	-0.14498	0.57666	0.57666	-0.66416	0	0	0	0	0	0
400	-0.14562	-0.14562	0.57843	0.57843	-0.66746	0	0	0	0	0	0
401	-0.14624	-0.14624	0.58018	0.58018	-0.67069	0	0	0	0	0	0
402	-0.14683	-0.14683	0.58193	0.58193	-0.67386	0	0	0	0	0	0
403	-0.1474	-0.1474	0.58366	0.58366	-0.67697	0	0	0	0	0	0
404	-0.14795	-0.14795	0.58537	0.58537	-0.68002	0	0	0	0	0	0
405	-0.14848	-0.14848	0.58706	0.58706	-0.68302	0	0	0	0	0	0
406	-0.149	-0.149	0.58873	0.58873	-0.68597	0	0	0	0	0	0
407	-0.14949	-0.14949	0.5904	0.5904	-0.68886	0	0	0	0	0	0
408	-0.14996	-0.14996	0.59205	0.59205	-0.6917	0	0	0	0	0	0
409	-0.15043	-0.15043	0.59368	0.59368	-0.6945	0	0	0	0	0	0
410	-0.15087	-0.15087	0.59529	0.59529	-0.69725	0	0	0	0	0	0
411	-0.15131	-0.15131	0.59688	0.59688	-0.69995	0	0	0	0	0	0
412	-0.15173	-0.15173	0.59847	0.59847	-0.70261	0	0	0	0	0	0
413	-0.15213	-0.15213	0.60004	0.60004	-0.70523	0	0	0	0	0	0
414	-0.15252	-0.15252	0.60159	0.60159	-0.7078	0	0	0	0	0	0
415	-0.1529	-0.1529	0.60312	0.60312	-0.71033	0	0	0	0	0	0
416	-0.15327	-0.15327	0.60463	0.60463	-0.71282	0	0	0	0	0	0
417	-0.15363	-0.15363	0.60613	0.60613	-0.71528	0	0	0	0	0	0
418	-0.15397	-0.15397	0.60762	0.60762	-0.71769	0	0	0	0	0	0
419	-0.15431	-0.15431	0.60909	0.60909	-0.72007	0	0	0	0	0	0
420	-0.15464	-0.15464	0.61054	0.61054	-0.72241	0	0	0	0	0	0
421	-0.15496	-0.15496	0.61197	0.61197	-0.72472	0	0	0	0	0	0
422	-0.15526	-0.15526	0.61339	0.61339	-0.72698	0	0	0	0	0	0
423	-0.15556	-0.15556	0.6148	0.6148	-0.72922	0	0	0	0	0	0
424	-0.15585	-0.15585	0.61618	0.61618	-0.73142	0	0	0	0	0	0
425	-0.15613	-0.15613	0.61755	0.61755	-0.73359	0	0	0	0	0	0
426	-0.15641	-0.15641	0.6189	0.6189	-0.73572	0	0	0	0	0	0
427	-0.15668	-0.15668	0.62024	0.62024	-0.73782	0	0	0	0	0	0
428	-0.15693	-0.15693	0.62156	0.62156	-0.7399	0	0	0	0	0	0
429	-0.15718	-0.15718	0.62286	0.62286	-0.74193	0	0	0	0	0	0
430	-0.15743	-0.15743	0.62414	0.62414	-0.74394	0	0	0	0	0	0
431	-0.15767	-0.15767	0.62541	0.62541	-0.74592	0	0	0	0	0	0
432	-0.1579	-0.1579	0.62666	0.62666	-0.74787	0	0	0	0	0	0
433	-0.15812	-0.15812	0.6279	0.6279	-0.74979	0	0	0	0	0	0
434	-0.15834	-0.15834	0.62912	0.62912	-0.75168	0	0	0	0	0	0
435	-0.15855	-0.15855	0.63032	0.63032	-0.75353	0	0	0	0	0	0
436	-0.15876	-0.15876	0.6315	0.6315	-0.75537	0	0	0	0	0	0
437	-0.15896	-0.15896	0.63267	0.63267	-0.75717	0	0	0	0	0	0
438	-0.15915	-0.15915	0.63382	0.63382	-0.75894	0	0	0	0	0	0
439	-0.15934	-0.15934	0.63496	0.63496	-0.76069	0	0	0	0	0	0
440	-0.15953	-0.15953	0.63607	0.63607	-0.76241	0	0	0	0	0	0
441	-0.15971	-0.15971	0.63717	0.63717	-0.7641	0	0	0	0	0	0
442	-0.15988	-0.15988	0.63826	0.63826	-0.76577	0	0	0	0	0	0
443	-0.16004	-0.16004	0.63932	0.63932	-0.7674	0	0	0	0	0	0
444	-0.16021	-0.16021	0.64037	0.64037	-0.76901	0	0	0	0	0	0
445	-0.16036	-0.16036	0.64141	0.64141	-0.7706	0	0	0	0	0	0
446	-0.16051	-0.16051	0.64242	0.64242	-0.77216	0	0	0	0	0	0
447	-0.16066	-0.16066	0.64342	0.64342	-0.77369	0	0	0	0	0	0
448	-0.1608	-0.1608	0.6444	0.6444	-0.7752	0	0	0	0	0	0
449	-0.16094	-0.16094	0.64536	0.64536	-0.77668	0	0	0	0	0	0
450	-0.16107	-0.16107	0.64631	0.64631	-0.77813	0	0	0	0	0	0
451	-0.1612	-0.1612	0.64724	0.64724	-0.77956	0	0	0	0	0	0
452	-0.16132	-0.16132	0.64815	0.64815	-0.78096	0	0	0	0	0	0
453	-0.16144	-0.16144	0.64904	0.64904	-0.78234	0	0	0	0	0	0
454	-0.16155	-0.16155	0.64992	0.64992	-0.78369	0	0	0	0	0	0
455	-0.16166	-0.16166	0.65078	0.65078	-0.78502	0	0	0	0	0	0
456	-0.16176	-0.16176	0.65162	0.65162	-0.78633	0	0	0	0	0	0
457	-0.16186	-0.16186	0.65245	0.65245	-0.7876	0	0	0	0	0	0
458	-0.16195	-0.16195	0.65326	0.65326	-0.78886	0	0	0	0	0	0
459	-0.16204	-0.16204	0.65405	0.65405	-0.79008	0	0	0	0	0	0
460	-0.16212	-0.16212	0.65483	0.65483	-0.79129	0	0	0	0	0	0
461	-0.1622	-0.1622	0.65558	0.65558	-0.79247	0	0	0	0	0	0
462	-0.16228	-0.16228	0.65632	0.65632	-0.79362	0	0	0	0	0	0
463	-0.16235	-0.16235	0.65705	0.65705	-0.79475	0	0	0	0	0	0
464	-0.16242	-0.16242	0.65775	0.65775	-0.79586	0	0	0	0	0	0
465	-0.16248	-0.16248	0.65844	0.65844	-0.79694	0	0	0	0	0	0
466	-0.16254	-0.16254	0.65911	0.65911	-0.798	0	0	0	0	0	0
467	-0.16259	-0.16259	0.65976	0.65976	-0.79903	0	0	0	0	0	0
468	-0.16264	-0.16264	0.66039	0.66039	-0.80004	0	0	0	0	0	0
469	-0.16269	-0.16269	0.66101	0.66101	-0.80103	0	0	0	0	0	0
470	-0.16273	-0.16273	0.66161	0.66161	-0.80199	0	0	0	0	0	0
471	-0.16276	-0.16276	0.66219	0.66219	-0.80292	0	0	0	0	0	0
472	-0.16279	-0.16279	0.66276	0.66276	-0.80384	0	0	0	0	0	0
473	-0.16282	-0.16282	0.66331	0.66331	-0.80473	0	0	0	0	0	0
474	-0.16284	-0.16284	0.66384	0.66384	-0.80559	0	0	0	0	0	0
475	-0.16286	-0.16286	0.66435	0.66435	-0.80643	0	0	0	0	0	0
476	-0.16287	-0.16287	0.66484	0.66484	-0.80725	0	0	0	0	0	0
477	-0.16288	-0.16288	0.66532	0.66532	-0.80804	0	0	0	0	0	0
478	-0.16289	-0.16289	0.66578	0.66578	-0.80881	0	0	0	0	0	0
479	-0.16289	-0.16289	0.66622	0.66622	-0.80956	0	0	0	0	0	0
480	-0.16288	-0.16288	0.66665	0.66665	-0.81028	0	0	0	0	0	0
481	-0.16287	-0.16287	0.66705	0.66705	-0.81097	0	0	0	0	0	0
482	-0.16286	-0.16286	0.66744	0.66744	-0.81165	0	0	0	0	0	0
483	-0.16284	-0.16284	0.66781	0.66781	-0.8123	0	0	0	0	0	0
484	-0.16282	-0.16282	0.66817	0.66817	-0.81292	0	0	0	0	0	0
485	-0.16279	-0.16279	0.66851	0.66851	-0.81353	0	0	0	0	0	0
486	-0.16276	-0.16276	0.66883	0.66883	-0.81411	0	0	0	0	0	0
487	-0.16272	-0.16272	0.66913	0.66913	-0.81466	0	0	0	0	0	0
488	-0.16268	-0.16268	0.66941	0.66941	-0.81519	0	0	0	0	0	0
489	-0.16264	-0.16264	0.66968	0.66968	-0.8157	0	0	0	0	0	0
490	-0.16259	-0.16259	0.66993	0.66993	-0.81618	0	0	0	0	0	0
491	-0.16253	-0.16253	0.67016	0.67016	-0.81664	0	0	0	0	0	0
492	-0.16247	-0.16247	0.67037	0.67037	-0.81708	0	0	0	0	0	0
493	-0.16241	-0.16241	0.67056	0.67056	-0.81749	0	0	0	0	0	0
494	-0.16234	-0.16234	0.67074	0.67074	-0.81788	0	0	0	0	0	0
495	-0.16227	-0.16227	0.6709	0.6709	-0.81824	0	0	0	0	0	0
496	-0.16219	-0.16219	0.67104	0.67104	-0.81858	0	0	0	0	0	0
497	-0.16211	-0.16211	0.67116	0.67116	-0.8189	0	0	0	0	0	0
498	-0.16202	-0.16202	0.67127	0.67127	-0.81919	0	0	0	0	0	0
499	-0.16192	-0.16192	0.67136	0.67136	-0.81946	0	0	0	0	0	0
500	-0.16183	-0.16183	0.67143	0.67143	-0.81971	0	0	0	0	0	0
501	-0.16172	-0.16172	0.67149	0.67149	-0.81993	0	0	0	0	0	0
502	-0.16162	-0.16162	0.67152	0.67152	-0.82012	0	0	0	0	0	0
503	-0.1615	-0.1615	0.67154	0.67154	-0.8203	0	0	0	0	0	0
504	-0.16139	-0.16139	0.67154	0.67154	-0.82045	0	0	0	0	0	0
505	-0.16127	-0.16127	0.67152	0.67152	-0.82057	0	0	0	0	0	0
506	-0.16114	-0.16114	0.67148	0.67148	-0.82067	0	0	0	0	0	0
507	-0.16101	-0.16101	0.67143	0.67143	-0.82075	0	0	0	0	0	0
508	-0.16087	-0.16087	0.67135	0.67135	-0.8208	0	0	0	0	0	0
509	-0.16073	-0.16073	0.67126	0.67126	-0.82083	0	0	0	0	0	0
510	-0.16059	-0.16059	0.67115	0.67115	-0.82084	0	0	0	0	0	0
511	-0.16043	-0.16043	0.67103	0.67103	-0.82082	0	0	0	0	0	0
512	-0.16028	-0.16028	0.67088	0.67088	-0.82077	0	0	0	0	0	0
513	-0.16012	-0.16012	0.67072	0.67072	-0.8207	0	0	0	0	0	0
514	-0.15995	-0.15995	0.67054	0.67054	-0.82061	0	0	0	0	0	0
515	-0.15978	-0.15978	0.67034	0.67034	-0.82049	0	0	0	0	0	0
516	-0.1596	-0.1596	0.67013	0.67013	-0.82035	0	0	0	0	0	0
517	-0.15942	-0.15942	0.66989	0.66989	-0.82019	0	0	0	0	0	0
518	-0.15923	-0.15923	0.66963	0.66963	-0.82	0	0	0	0	0	0
519	-0.15904	-0.15904	0.66936	0.66936	-0.81978	0	0	0	0	0	0
520	-0.15884	-0.15884	0.66907	0.66907	-0.81954	0	0	0	0	0	0
521	-0.15864	-0.15864	0.66876	0.66876	-0.81928	0	0	0	0	0	0
522	-0.15843	-0.15843	0.66843	0.66843	-0.81899	0	0	0	0	0	0
523	-0.15822	-0.15822	0.66809	0.66809	-0.81868	0	0	0	0	0	0
524	-0.158	-0.158	0.66772	0.66772	-0.81834	0	0	0	0	0	0
525	-0.15777	-0.15777	0.66734	0.66734	-0.81797	0	0	0	0	0	0
526	-0.15754	-0.15754	0.66694	0.66694	-0.81759	0	0	0	0	0	0
527	-0.15731	-0.15731	0.66652	0.66652	-0.81717	0	0	0	0	0	0
528	-0.15707	-0.15707	0.66608	0.66608	-0.81674	0	0	0	0	0	0
529	-0.15682	-0.15682	0.66562	0.66562	-0.81627	0	0	0	0	0	0
530	-0.15657	-0.15657	0.66515	0.66515	-0.81578	0	0	0	0	0	0
531	-0.15631	-0.15631	0.66465	0.66465	-0.81527	0	0	0	0	0	0
532	-0.15605	-0.15605	0.66413	0.66413	-0.81473	0	0	0	0	0	0
533	-0.15578	-0.15578	0.6636	0.6636	-0.81417	0	0	0	0	0	0
534	-0.15551	-0.15551	0.66305	0.66305	-0.81358	0	0	0	0	0	0
535	-0.15523	-0.15523	0.66248	0.66248	-0.81296	0	0	0	0	0	0
536	-0.15494	-0.15494	0.66189	0.66189	-0.81232	0	0	0	0	0	0
537	-0.15465	-0.15465	0.66127	0.66127	-0.81166	0	0	0	0	0	0
538	-0.15436	-0.15436	0.66064	0.66064	-0.81096	0	0	0	0	0	0
539	-0.15406	-0.15406	0.65999	0.65999	-0.81025	0	0	0	0	0	0
540	-0.15375	-0.15375	0.65933	0.65933	-0.8095	0	0	0	0	0	0
541	-0.15344	-0.15344	0.65864	0.65864	-0.80873	0	0	0	0	0	0
542	-0.15312	-0.15312	0.65793	0.65793	-0.80794	0	0	0	0	0	0
543	-0.15279	-0.15279	0.6572	0.6572	-0.80711	0	0	0	0	0	0
544	-0.15246	-0.15246	0.65646	0.65646	-0.80627	0	0	0	0	0	0
545	-0.15212	-0.15212	0.65569	0.65569	-0.80539	0	0	0	0	0	0
546	-0.15178	-0.15178	0.65491	0.65491	-0.80449	0	0	0	0	0	0
547	-0.15143	-0.15143	0.6541	0.6541	-0.80356	0	0	0	0	0	0
548	-0.15107	-0.15107	0.65328	0.65328	-0.80261	0	0	0	0	0	0
549	-0.15071	-0.15071	0.65243	0.65243	-0.80163	0	0	0	0	0	0
550	-0.15034	-0.15034	0.65157	0.65157	-0.80062	0	0	0	0	0	0
551	-0.14997	-0.14997	0.65068	0.65068	-0.79958	0	0	0	0	0	0
552	-0.14959	-0.14959	0.64978	0.64978	-0.79852	0	0	0	0	0	0
553	-0.1492	-0.1492	0.64885	0.64885	-0.79743	0	0	0	0	0	0
554	-0.14881	-0.14881	0.6479	0.6479	-0.79631	0	0	0	0	0	0
555	-0.14841	-0.14841	0.64694	0.64694	-0.79517	0	0	0	0	0	0
556	-0.148	-0.148	0.64595	0.64595	-0.794	0	0	0	0	0	0
557	-0.14759	-0.14759	0.64494	0.64494	-0.7928	0	0	0	0	0	0
558	-0.14717	-0.14717	0.64391	0.64391	-0.79157	0	0	0	0	0	0
559	-0.14675	-0.14675	0.64286	0.64286	-0.79031	0	0	0	0	0	0
560	-0.14632	-0.14632	0.64179	0.64179	-0.78903	0	0	0	0	0	0
561	-0.14588	-0.14588	0.6407	0.6407	-0.78772	0	0	0	0	0	0
562	-0.14543	-0.14543	0.63959	0.63959	-0.78637	0	0	0	0	0	0
563	-0.14498	-0.14498	0.63845	0.63845	-0.78501	0	0	0	0	0	0
564	-0.14452	-0.14452	0.63729	0.63729	-0.78361	0	0	0	0	0	0
565	-0.14406	-0.14406	0.63612	0.63612	-0.78218	0	0	0	0	0	0
566	-0.14358	-0.14358	0.63492	0.63492	-0.78072	0	0	0	0	0	0
567	-0.14311	-0.14311	0.63369	0.63369	-0.77924	0	0	0	0	0	0
568	-0.14262	-0.14262	0.63245	0.63245	-0.77772	0	0	0	0	0	0
569	-0.14213	-0.14213	0.63118	0.63118	-0.77618	0	0	0	0	0	0
570	-0.14163	-0.14163	0.62989	0.62989	-0.7746	0	0	0	0	0	0
571	-0.14112	-0.14112	0.62858	0.62858	-0.773	0	0	0	0	0	0
572	-0.14061	-0.14061	0.62724	0.62724	-0.77137	0	0	0	0	0	0
573	-0.14009	-0.14009	0.62588	0.62588	-0.7697	0	0	0	0	0	0
574	-0.13956	-0.13956	0.6245	0.6245	-0.76801	0	0	0	0	0	0
575	-0.13902	-0.13902	0.6231	0.6231	-0.76628	0	0	0	0	0	0
576	-0.13848	-0.13848	0.62168	0.62168	-0.76452	0	0	0	0	0	0
577	-0.13793	-0.13793	0.62022	0.62022	-0.76273	0	0	0	0	0	0
578	-0.13737	-0.13737	0.61875	0.61875	-0.76091	0	0	0	0	0	0
579	-0.1368	-0.1368	0.61725	0.61725	-0.75906	0	0	0	0	0	0
580	-0.13623	-0.13623	0.61573	0.61573	-0.75718	0	0	0	0	0	0
581	-0.13564	-0.13564	0.61419	0.61419	-0.75526	0	0	0	0	0	0
582	-0.13506	-0.13506	0.61262	0.61262	-0.75332	0	0	0	0	0	0
583	-0.13446	-0.13446	0.61102	0.61102	-0.75134	0	0	0	0	0	0
584	-0.13385	-0.13385	0.6094	0.6094	-0.74932	0	0	0	0	0	0
585	-0.13324	-0.13324	0.60776	0.60776	-0.74728	0	0	0	0	0	0
586	-0.13262	-0.13262	0.60609	0.60609	-0.7452	0	0	0	0	0	0
587	-0.13199	-0.13199	0.60439	0.60439	-0.74308	0	0	0	0	0	0
588	-0.13135	-0.13135	0.60267	0.60267	-0.74094	0	0	0	0	0	0
589	-0.13071	-0.13071	0.60092	0.60092	-0.73875	0	0	0	0	0	0
590	-0.13005	-0.13005	0.59915	0.59915	-0.73654	0	0	0	0	0	0
591	-0.12939	-0.12939	0.59735	0.59735	-0.73429	0	0	0	0	0	0
592	-0.12872	-0.12872	0.59552	0.59552	-0.732	0	0	0	0	0	0
593	-0.12804	-0.12804	0.59366	0.59366	-0.72968	0	0	0	0	0	0
594	-0.12735	-0.12735	0.59178	0.59178	-0.72732	0	0	0	0	0	0
595	-0.12665	-0.12665	0.58987	0.58987	-0.72493	0	0	0	0	0	0
596	-0.12595	-0.12595	0.58793	0.58793	-0.7225	0	0	0	0	0	0
597	-0.12523	-0.12523	0.58597	0.58597	-0.72003	0	0	0	0	0	0
598	-0.12451	-0.12451	0.58397	0.58397	-0.71752	0	0	0	0	0	0
599	-0.12377	-0.12377	0.58195	0.58195	-0.71498	0	0	0	0	0	0
600	-0.12303	-0.12303	0.57989	0.57989	-0.7124	0	0	0	0	0	0
601	-0.12228	-0.12228	0.57781	0.57781	-0.70978	0	0	0	0	0	0
602	-0.12152	-0.12152	0.5757	0.5757	-0.70712	0	0	0	0	0	0
603	-0.12075	-0.12075	0.57355	0.57355	-0.70443	0	0	0	0	0	0
604	-0.11996	-0.11996	0.57138	0.57138	-0.70169	0	0	0	0	0	0
605	-0.11917	-0.11917	0.56918	0.56918	-0.69891	0	0	0	0	0	0
606	-0.11837	-0.11837	0.56694	0.56694	-0.69609	0	0	0	0	0	0
607	-0.11756	-0.11756	0.56468	0.56468	-0.69324	0	0	0	0	0	0
608	-0.11674	-0.11674	0.56238	0.56238	-0.69033	0	0	0	0	0	0
609	-0.1159	-0.1159	0.56005	0.56005	-0.68739	0	0	0	0	0	0
610	-0.11506	-0.11506	0.55769	0.55769	-0.6844	0	0	0	0	0	0
611	-0.1142	-0.1142	0.55529	0.55529	-0.68138	0	0	0	0	0	0
612	-0.11334	-0.11334	0.55286	0.55286	-0.6783	0	0	0	0	0	0
613	-0.11246	-0.11246	0.55039	0.55039	-0.67518	0	0	0	0	0	0
614	-0.11157	-0.11157	0.5479	0.5479	-0.67202	0	0	0	0	0	0
615	-0.11067	-0.11067	0.54536	0.54536	-0.66881	0	0	0	0	0	0
616	-0.10976	-0.10976	0.5428	0.5428	-0.66556	0	0	0	0	0	0
617	-0.10884	-0.10884	0.54019	0.54019	-0.66226	0	0	0	0	0	0
618	-0.1079	-0.1079	0.53755	0.53755	-0.65891	0	0	0	0	0	0
619	-0.10695	-0.10695	0.53487	0.53487	-0.65551	0	0	0	0	0	0
620	-0.10599	-0.10599	0.53215	0.53215	-0.65206	0	0	0	0	0	0
621	-0.10501	-0.10501	0.5294	0.5294	-0.64857	0	0	0	0	0	0
622	-0.10402	-0.10402	0.52661	0.52661	-0.64502	0	0	0	0	0	0
623	-0.10302	-0.10302	0.52377	0.52377	-0.64142	0	0	0	0	0	0
624	-0.10201	-0.10201	0.5209	0.5209	-0.63777	0	0	0	0	0	0
625	-0.10098	-0.10098	0.51799	0.51799	-0.63406	0	0	0	0	0	0
626	-0.099931	-0.099931	0.51504	0.51504	-0.6303	0	0	0	0	0	0
627	-0.098874	-0.098874	0.51204	0.51204	-0.62649	0	0	0	0	0	0
628	-0.097801	-0.097801	0.509	0.509	-0.62262	0	0	0	0	0	0
629	-0.096712	-0.096712	0.50592	0.50592	-0.6187	0	0	0	0	0	0
630	-0.095608	-0.095608	0.50279	0.50279	-0.61471	0	0	0	0	0	0
631	-0.094488	-0.094488	0.49962	0.49962	-0.61067	0	0	0	0	0	0
632	-0.093352	-0.093352	0.4964	0.4964	-0.60656	0	0	0	0	0	0
633	-0.0922	-0.0922	0.49313	0.49313	-0.6024	0	0	0	0	0	0
634	-0.09103	-0.09103	0.48981	0.48981	-0.59817	0	0	0	0	0	0
635	-0.089843	-0.089843	0.48645	0.48645	-0.59388	0	0	0	0	0	0
636	-0.088638	-0.088638	0.48303	0.48303	-0.58952	0	0	0	0	0	0
637	-0.087416	-0.087416	0.47957	0.47957	-0.5851	0	0	0	0	0	0
638	-0.086175	-0.086175	0.47604	0.47604	-0.58061	0	0	0	0	0	0
639	-0.084915	-0.084915	0.47247	0.47247	-0.57605	0	0	0	0	0	0
640	-0.083635	-0.083635	0.46884	0.46884	-0.57141	0	0	0	0	0	0
641	-0.082334	-0.082334	0.46515	0.46515	-0.56671	0	0	0	0	0	0
642	-0.081013	-0.081013	0.46141	0.46141	-0.56193	0	0	0	0	0	0
643	-0.07967	-0.07967	0.45761	0.45761	-0.55707	0	0	0	0	0	0
644	-0.078305	-0.078305	0.45374	0.45374	-0.55213	0	0	0	0	0	0
645	-0.076917	-0.076917	0.44981	0.44981	-0.54712	0	0	0	0	0	0
646	-0.075506	-0.075506	0.44582	0.44582	-0.54202	0	0	0	0	0	0
647	-0.074071	-0.074071	0.44176	0.44176	-0.53683	0	0	0	0	0	0
648	-0.07261	-0.07261	0.43763	0.43763	-0.53156	0	0	0	0	0	0
649	-0.071124	-0.071124	0.43344	0.43344	-0.5262	0	0	0	0	0	0
650	-0.069611	-0.069611	0.42916	0.42916	-0.52075	0	0	0	0	0	0
651	-0.06807	-0.06807	0.42482	0.42482	-0.5152	0	0	0	0	0	0
652	-0.066501	-0.066501	0.42039	0.42039	-0.50955	0	0	0	0	0	0
653	-0.064903	-0.064903	0.41589	0.41589	-0.5038	0	0	0	0	0	0
654	-0.063274	-0.063274	0.4113	0.4113	-0.49795	0	0	0	0	0	0
655	-0.061612	-0.061612	0.40662	0.40662	-0.49199	0	0	0	0	0	0
656	-0.059916	-0.059916	0.40186	0.40186	-0.48591	0	0	0	0	0	0
657	-0.058186	-0.058186	0.397	0.397	-0.47972	0	0	0	0	0	0
658	-0.056418	-0.056418	0.39204	0.39204	-0.47341	0	0	0	0	0	0
659	-0.054611	-0.054611	0.38699	0.38699	-0.46698	0	0	0	0	0	0
660	-0.052765	-0.052765	0.38183	0.38183	-0.46041	0	0	0	0	0	0
661	-0.050875	-0.050875	0.37656	0.37656	-0.45371	0	0	0	0	0	0
662	-0.048942	-0.048942	0.37117	0.37117	-0.44687	0	0	0	0	0	0
663	-0.046962	-0.046962	0.36566	0.36566	-0.43987	0	0	0	0	0	0
664	-0.044931	-0.044931	0.36003	0.36003	-0.43273	0	0	0	0	0	0
665	-0.042847	-0.042847	0.35426	0.35426	-0.42542	0	0	0	0	0	0
666	-0.040707	-0.040707	0.34835	0.34835	-0.41794	0	0	0	0	0	0
667	-0.038507	-0.038507	0.34229	0.34229	-0.41029	0	0	0	0	0	0
668	-0.036242	-0.036242	0.33607	0.33607	-0.40244	0	0	0	0	0	0
669	-0.033907	-0.033907	0.32968	0.32968	-0.3944	0	0	0	0	0	0
670	-0.031497	-0.031497	0.32311	0.32311	-0.38615	0	0	0	0	0	0
671	-0.029006	-0.029006	0.31635	0.31635	-0.37767	0	0	0	0	0	0
672	-0.026426	-0.026426	0.30938	0.30938	-0.36896	0	0	0	0	0	0
673	-0.023749	-0.023749	0.30219	0.30219	-0.35999	0	0	0	0	0	0
674	-0.020964	-0.020964	0.29476	0.29476	-0.35076	0	0	0	0	0	0
675	-0.018058	-0.018058	0.28706	0.28706	-0.34123	0	0	0	0	0	0
676	-0.015017	-0.015017	0.27906	0.27906	-0.33139	0	0	0	0	0	0
677	-0.011823	-0.011823	0.27075	0.27075	-0.32121	0	0	0	0	0	0
678	-0.0084514	-0.0084514	0.26208	0.26208	-0.31066	0	0	0	0	0	0
679	-0.0048734	-0.0048734	0.253	0.253	-0.29971	0	0	0	0	0	0
680	-0.0020735	-0.0020735	0.24345	0.24345	-0.28832	0	0	0	0	0	0
681	-0.0038755	-0.0038755	0.23336	0.23336	-0.27645	0	0	0	0	0	0
682	0.0075539	0.0075539	0.22295	0.22295	-0.26386	0	0	0	0	0	0
683	0.012045	0.012045	0.212	0.212	-0.25054	0	0	0	0	0	0
684	0.01665	0.01665	0.20048	0.20048	-0.23633	0	0	0	0	0	0
685	0.021374	0.021374	0.18831	0.18831	-0.22106	0	0	0	0	0	0
686	0.026219	0.026219	0.17537	0.17537	-0.20446	0	0	0	0	0	0
687	0.031184	0.031184	0.16146	0.16146	-0.18619	0	0	0	0	0	0
688	0.036252	0.036252	0.14634	0.14634	-0.16568	0	0	0	0	0	0
689	0.041372	0.041372	0.12956	0.12956	-0.14198	0	0	0	0	0	0
690	0.046378	0.046378	0.11033	0.11033	-0.11314	0	0	0	0	0	0
691	0.050571	0.050571	0.086604	0.086604	-0.073642	0	0	0	0	0	0
692	0.040859	0.040859	0.039734	0.039734	0.040864	0	0	0	0	0	0
